36 37 38 39 40 41 42 43 44 45 46 47 48 49 50 51 52 53 54 55 56 57 58 59 60 61 62 63 64 65 66 67 68 69 70 71 72 73 74 75 76 77 78 79 80 81 82 83 84 85 86 87 88 89
0 36 0.056122534
36 36 0.27332494
0 37 -0.11214534
37 37 -0.23766409
0 38 1.8758806
38 38 0.9547406
0 39 -1.2533721
39 39 -1.1743118
0 40 0.432317
40 40 0.18932725
0 41 1.2605331
41 41 0.18822096
0 42 -0.06605451
42 42 -1.300848
0 43 1.1453533
43 43 1.4520581
0 44 -0.3108169
44 44 -0.706029
0 45 -0.25701305
45 45 -1.1699775
0 46 0.026315793
46 46 0.3129359
0 47 1.2694368
47 47 0.2923849
0 48 -0.11925372
48 48 -0.57086664
0 49 0.016797962
49 49 -0.66306007
0 50 0.7036482
50 50 -1.5974996
0 51 0.98977524
51 51 2.142666
0 52 -0.72717774
52 52 -1.3719751
0 53 0.7015315
53 53 0.5457958
1 36 -1.6524781
36 36 0.27332494
1 37 -0.08343015
37 37 -0.23766409
1 38 -1.0366069
38 38 0.9547406
1 39 0.022885168
39 39 -1.1743118
1 40 -0.034226637
40 40 0.18932725
1 41 -0.51552045
41 41 0.18822096
1 42 -1.0747056
42 42 -1.300848
1 43 -3.2281647
43 43 1.4520581
1 44 -4.684715
44 44 -0.706029
1 45 0.051097702
45 45 -1.1699775
1 46 -2.6002626
46 46 0.3129359
1 47 -0.5697291
47 47 0.2923849
1 48 -0.40575927
48 48 -0.57086664
1 49 -0.480769
49 49 -0.66306007
1 50 0.84362036
50 50 -1.5974996
1 51 3.0439844
51 51 2.142666
1 52 2.075419
52 52 -1.3719751
1 53 3.776522
53 53 0.5457958
2 36 1.3076926
36 36 0.27332494
2 37 -0.15314393
37 37 -0.23766409
2 38 0.43485072
38 38 0.9547406
2 39 0.7762732
39 39 -1.1743118
2 40 -0.41887587
40 40 0.18932725
2 41 0.0011768511
41 41 0.18822096
2 42 1.2912669
42 42 -1.300848
2 43 5.656118
43 43 1.4520581
2 44 2.2202268
44 44 -0.706029
2 45 -0.9401322
45 45 -1.1699775
2 46 4.1222086
46 46 0.3129359
2 47 -1.416767
47 47 0.2923849
2 48 0.8152539
48 48 -0.57086664
2 49 0.24491797
49 49 -0.66306007
2 50 -4.8789735
50 50 -1.5974996
2 51 -0.72247976
51 51 2.142666
2 52 -2.842546
52 52 -1.3719751
2 53 -1.7608677
53 53 0.5457958
3 36 0.50727105
36 36 0.27332494
3 37 -0.54403216
37 37 -0.23766409
3 38 0.054559708
38 38 0.9547406
3 39 -0.3374707
39 39 -1.1743118
3 40 0.3523502
40 40 0.18932725
3 41 -0.08192474
41 41 0.18822096
3 42 -2.19233
42 42 -1.300848
3 43 1.6517181
43 43 1.4520581
3 44 -0.5842184
44 44 -0.706029
3 45 -0.60221034
45 45 -1.1699775
3 46 0.04402781
46 46 0.3129359
3 47 -1.0494847
47 47 0.2923849
3 48 -0.8817718
48 48 -0.57086664
3 49 0.09488251
49 49 -0.66306007
3 50 0.2528322
50 50 -1.5974996
3 51 -2.4999745
51 51 2.142666
3 52 0.05589381
52 52 -1.3719751
3 53 1.9584006
53 53 0.5457958
4 36 -0.76547146
36 36 0.27332494
4 37 1.4696229
37 37 -0.23766409
4 38 -0.41454583
38 38 0.9547406
4 39 -0.8267654
39 39 -1.1743118
4 40 -0.360636
40 40 0.18932725
4 41 0.79859066
41 41 0.18822096
4 42 0.92930275
42 42 -1.300848
4 43 -3.485633
43 43 1.4520581
4 44 -0.46892393
44 44 -0.706029
4 45 0.711496
45 45 -1.1699775
4 46 0.2786344
46 46 0.3129359
4 47 2.2561622
47 47 0.2923849
4 48 -0.9862799
48 48 -0.57086664
4 49 0.08086493
49 49 -0.66306007
4 50 -1.091822
50 50 -1.5974996
4 51 -2.6506076
51 51 2.142666
4 52 0.1702024
52 52 -1.3719751
4 53 -1.5890269
53 53 0.5457958
5 36 1.242782
36 36 0.27332494
5 37 0.20356773
37 37 -0.23766409
5 38 0.23478422
38 38 0.9547406
5 39 -0.43843454
39 39 -1.1743118
5 40 -0.39442682
40 40 0.18932725
5 41 -0.96387076
41 41 0.18822096
5 42 -1.4150343
42 42 -1.300848
5 43 6.32066
43 43 1.4520581
5 44 0.5862965
44 44 -0.706029
5 45 -1.0621397
45 45 -1.1699775
5 46 -0.2743899
46 46 0.3129359
5 47 -0.45428917
47 47 0.2923849
5 48 0.17856556
48 48 -0.57086664
5 49 -0.4079756
49 49 -0.66306007
5 50 -0.15178944
50 50 -1.5974996
5 51 6.741644
51 51 2.142666
5 52 -0.27365905
52 52 -1.3719751
5 53 0.72655827
53 53 0.5457958
6 36 -0.8528928
36 36 0.27332494
6 37 0.032227878
37 37 -0.23766409
6 38 0.6617352
38 38 0.9547406
6 39 -1.0436879
39 39 -1.1743118
6 40 -1.8398613
40 40 0.18932725
6 41 -0.15551627
41 41 0.18822096
6 42 -1.1359286
42 42 -1.300848
6 43 0.90355897
43 43 1.4520581
6 44 -0.55997866
44 44 -0.706029
6 45 -0.3352968
45 45 -1.1699775
6 46 0.1442602
46 46 0.3129359
6 47 2.8615384
47 47 0.2923849
6 48 -0.49552009
48 48 -0.57086664
6 49 -0.046254847
49 49 -0.66306007
6 50 0.0172312
50 50 -1.5974996
6 51 -1.0887215
51 51 2.142666
6 52 -0.43611893
52 52 -1.3719751
6 53 0.016877178
53 53 0.5457958
7 36 0.4099444
36 36 0.27332494
7 37 -0.6871753
37 37 -0.23766409
7 38 -1.8005629
38 38 0.9547406
7 39 -0.8354525
39 39 -1.1743118
7 40 2.227456
40 40 0.18932725
7 41 0.32980475
41 41 0.18822096
7 42 -3.2029552
42 42 -1.300848
7 43 -2.6727493
43 43 1.4520581
7 44 -0.3812927
44 44 -0.706029
7 45 0.85683274
45 45 -1.1699775
7 46 -0.31530747
46 46 0.3129359
7 47 -1.3608134
47 47 0.2923849
7 48 -2.9217663
48 48 -0.57086664
7 49 1.1017452
49 49 -0.66306007
7 50 -0.54747415
50 50 -1.5974996
7 51 4.628515
51 51 2.142666
7 52 0.4612115
52 52 -1.3719751
7 53 -2.3126924
53 53 0.5457958
8 36 0.3376767
36 36 0.27332494
8 37 -0.8257409
37 37 -0.23766409
8 38 -0.04384049
38 38 0.9547406
8 39 0.08014896
39 39 -1.1743118
8 40 0.6002795
40 40 0.18932725
8 41 -1.5581728
41 41 0.18822096
8 42 1.5865929
42 42 -1.300848
8 43 5.703154
43 43 1.4520581
8 44 -1.128896
44 44 -0.706029
8 45 -0.82608986
45 45 -1.1699775
8 46 -0.56081396
46 46 0.3129359
8 47 -0.07613848
47 47 0.2923849
8 48 2.4611547
48 48 -0.57086664
8 49 -2.8905706
49 49 -0.66306007
8 50 -1.0242834
50 50 -1.5974996
8 51 1.3232257
51 51 2.142666
8 52 -0.42649826
52 52 -1.3719751
8 53 1.4173253
53 53 0.5457958
9 36 0.3058723
36 36 0.27332494
9 37 -0.038093943
37 37 -0.23766409
9 38 0.873513
38 38 0.9547406
9 39 2.7127597
39 39 -1.1743118
9 40 -0.0886524
40 40 0.18932725
9 41 0.46666646
41 41 0.18822096
9 42 -0.6529445
42 42 -1.300848
9 43 1.1437116
43 43 1.4520581
9 44 0.06274188
44 44 -0.706029
9 45 -0.2993653
45 45 -1.1699775
9 46 -0.026890578
46 46 0.3129359
9 47 -0.056464594
47 47 0.2923849
9 48 -0.6507025
48 48 -0.57086664
9 49 -0.48780966
49 49 -0.66306007
9 50 -0.2367014
50 50 -1.5974996
9 51 1.2827694
51 51 2.142666
9 52 1.6416667
52 52 -1.3719751
9 53 -0.24266532
53 53 0.5457958
10 36 -0.29990637
36 36 0.27332494
10 37 -0.64733064
37 37 -0.23766409
10 38 -1.6885898
38 38 0.9547406
10 39 -6.3755603
39 39 -1.1743118
10 40 0.08475579
40 40 0.18932725
10 41 -1.1996218
41 41 0.18822096
10 42 -2.4356363
42 42 -1.300848
10 43 3.5757215
43 43 1.4520581
10 44 -0.8021719
44 44 -0.706029
10 45 0.7830605
45 45 -1.1699775
10 46 -1.1745791
46 46 0.3129359
10 47 0.4511431
47 47 0.2923849
10 48 -1.1030185
48 48 -0.57086664
10 49 -1.1522635
49 49 -0.66306007
10 50 -0.14000951
50 50 -1.5974996
10 51 2.2329721
51 51 2.142666
10 52 -5.0955925
52 52 -1.3719751
10 53 1.8200468
53 53 0.5457958
11 36 0.72244203
36 36 0.27332494
11 37 0.55443895
37 37 -0.23766409
11 38 0.29145208
38 38 0.9547406
11 39 -1.4217458
39 39 -1.1743118
11 40 -0.86035764
40 40 0.18932725
11 41 0.1387099
41 41 0.18822096
11 42 0.94730294
42 42 -1.300848
11 43 -1.7694179
43 43 1.4520581
11 44 0.40713233
44 44 -0.706029
11 45 -1.6764216
45 45 -1.1699775
11 46 2.0779045
46 46 0.3129359
11 47 -0.9765761
47 47 0.2923849
11 48 0.6361576
48 48 -0.57086664
11 49 0.40137568
49 49 -0.66306007
11 50 -0.44130382
50 50 -1.5974996
11 51 -0.6570223
51 51 2.142666
11 52 -0.83336353
52 52 -1.3719751
11 53 -1.2907355
53 53 0.5457958
12 36 0.9618316
36 36 0.27332494
12 37 -0.5269834
37 37 -0.23766409
12 38 -0.8006204
38 38 0.9547406
12 39 -2.2755384
39 39 -1.1743118
12 40 0.1080325
40 40 0.18932725
12 41 -0.29807255
41 41 0.18822096
12 42 1.4250925
42 42 -1.300848
12 43 0.79699874
43 43 1.4520581
12 44 0.6225654
44 44 -0.706029
12 45 -0.017015731
45 45 -1.1699775
12 46 0.7481967
46 46 0.3129359
12 47 -0.40073586
47 47 0.2923849
12 48 -0.36651343
48 48 -0.57086664
12 49 -0.08326928
49 49 -0.66306007
12 50 -1.6775818
50 50 -1.5974996
12 51 5.578715
51 51 2.142666
12 52 -0.22947231
52 52 -1.3719751
12 53 -0.4363951
53 53 0.5457958
13 36 -2.5301535
36 36 0.27332494
13 37 -0.57274294
37 37 -0.23766409
13 38 -0.93534285
38 38 0.9547406
13 39 2.4392378
39 39 -1.1743118
13 40 1.1864288
40 40 0.18932725
13 41 0.67824227
41 41 0.18822096
13 42 -5.1565075
42 42 -1.300848
13 43 4.4790344
43 43 1.4520581
13 44 0.51259047
44 44 -0.706029
13 45 2.1972585
45 45 -1.1699775
13 46 1.2978804
46 46 0.3129359
13 47 0.52936065
47 47 0.2923849
13 48 -2.5686045
48 48 -0.57086664
13 49 -1.9076153
49 49 -0.66306007
13 50 3.4357939
50 50 -1.5974996
13 51 -4.9517474
51 51 2.142666
13 52 -1.1393776
52 52 -1.3719751
13 53 2.2112014
53 53 0.5457958
14 36 1.9173114
36 36 0.27332494
14 37 1.1202725
37 37 -0.23766409
14 38 -0.43760154
38 38 0.9547406
14 39 -3.692059
39 39 -1.1743118
14 40 -0.92223465
40 40 0.18932725
14 41 -0.55234706
41 41 0.18822096
14 42 -1.2082639
42 42 -1.300848
14 43 -2.522374
43 43 1.4520581
14 44 -1.9674715
44 44 -0.706029
14 45 -1.5921149
45 45 -1.1699775
14 46 -0.608836
46 46 0.3129359
14 47 -0.56315774
47 47 0.2923849
14 48 3.3390276
48 48 -0.57086664
14 49 2.8017864
49 49 -0.66306007
14 50 -5.367534
50 50 -1.5974996
14 51 2.641669
51 51 2.142666
14 52 0.0010093801
52 52 -1.3719751
14 53 0.20650086
53 53 0.5457958
15 36 -0.53010166
36 36 0.27332494
15 37 -0.36484867
37 37 -0.23766409
15 38 1.4432206
38 38 0.9547406
15 39 1.1504757
39 39 -1.1743118
15 40 0.6764663
40 40 0.18932725
15 41 -0.13469015
41 41 0.18822096
15 42 -0.33493298
42 42 -1.300848
15 43 0.5911113
43 43 1.4520581
15 44 -0.05180195
44 44 -0.706029
15 45 1.9924273
45 45 -1.1699775
15 46 0.54775155
46 46 0.3129359
15 47 -1.9513105
47 47 0.2923849
15 48 -0.25483727
48 48 -0.57086664
15 49 -0.7172279
49 49 -0.66306007
15 50 0.042917702
50 50 -1.5974996
15 51 0.986375
51 51 2.142666
15 52 -1.1190765
52 52 -1.3719751
15 53 0.5595366
53 53 0.5457958
16 36 1.6400155
36 36 0.27332494
16 37 -0.043911304
37 37 -0.23766409
16 38 -0.56983584
38 38 0.9547406
16 39 -0.15413934
39 39 -1.1743118
16 40 0.5190655
40 40 0.18932725
16 41 0.2606842
41 41 0.18822096
16 42 -2.168989
42 42 -1.300848
16 43 2.700297
43 43 1.4520581
16 44 -0.022501305
44 44 -0.706029
16 45 -4.192519
45 45 -1.1699775
16 46 0.03966301
46 46 0.3129359
16 47 5.7693076
47 47 0.2923849
16 48 -1.5851282
48 48 -0.57086664
16 49 0.7128927
49 49 -0.66306007
16 50 -0.6450198
50 50 -1.5974996
16 51 5.5434856
51 51 2.142666
16 52 -0.42041025
52 52 -1.3719751
16 53 1.2222537
53 53 0.5457958
17 36 -0.8447716
36 36 0.27332494
17 37 0.095004894
37 37 -0.23766409
17 38 1.3969882
38 38 0.9547406
17 39 -3.5990534
39 39 -1.1743118
17 40 -0.4470286
40 40 0.18932725
17 41 -0.38666227
41 41 0.18822096
17 42 1.0108608
42 42 -1.300848
17 43 -1.9976754
43 43 1.4520581
17 44 0.028333599
44 44 -0.706029
17 45 -1.1948842
45 45 -1.1699775
17 46 0.21806984
46 46 0.3129359
17 47 -1.3095222
47 47 0.2923849
17 48 0.6244614
48 48 -0.57086664
17 49 -1.5357162
49 49 -0.66306007
17 50 -0.70233315
50 50 -1.5974996
17 51 -1.8137056
51 51 2.142666
17 52 -0.66899383
52 52 -1.3719751
17 53 -0.6638673
53 53 0.5457958
18 36 0.30252346
36 36 0.27332494
18 37 -0.25535417
37 37 -0.23766409
18 38 -0.8482885
38 38 0.9547406
18 39 -0.53775686
39 39 -1.1743118
18 40 -0.51742965
40 40 0.18932725
18 41 0.72986126
41 41 0.18822096
18 42 -0.6806118
42 42 -1.300848
18 43 0.19296798
43 43 1.4520581
18 44 0.07909945
44 44 -0.706029
18 45 0.15895416
45 45 -1.1699775
18 46 0.8372179
46 46 0.3129359
18 47 -1.1322601
47 47 0.2923849
18 48 -0.5761146
48 48 -0.57086664
18 49 -0.18552457
49 49 -0.66306007
18 50 0.29809204
50 50 -1.5974996
18 51 0.9591868
51 51 2.142666
18 52 -1.7099404
52 52 -1.3719751
18 53 0.15292694
53 53 0.5457958
19 36 0.15607424
36 36 0.27332494
19 37 0.08299927
37 37 -0.23766409
19 38 1.8043274
38 38 0.9547406
19 39 0.34215173
39 39 -1.1743118
19 40 0.059511878
40 40 0.18932725
19 41 -2.4335155
41 41 0.18822096
19 42 -2.0903547
42 42 -1.300848
19 43 2.4887493
43 43 1.4520581
19 44 0.37090725
44 44 -0.706029
19 45 -0.5276809
45 45 -1.1699775
19 46 -1.5343367
46 46 0.3129359
19 47 0.8668893
47 47 0.2923849
19 48 1.403072
48 48 -0.57086664
19 49 -1.057909
49 49 -0.66306007
19 50 0.48490864
50 50 -1.5974996
19 51 2.1924675
51 51 2.142666
19 52 1.8324316
52 52 -1.3719751
19 53 1.2464868
53 53 0.5457958
20 36 0.029659355
36 36 0.27332494
20 37 0.84821945
37 37 -0.23766409
20 38 0.72597307
38 38 0.9547406
20 39 0.616309
39 39 -1.1743118
20 40 -0.24649824
40 40 0.18932725
20 41 0.42289692
41 41 0.18822096
20 42 1.2042943
42 42 -1.300848
20 43 -2.309432
43 43 1.4520581
20 44 -0.84572333
44 44 -0.706029
20 45 -0.53724974
45 45 -1.1699775
20 46 3.1995466
46 46 0.3129359
20 47 1.4896612
47 47 0.2923849
20 48 -3.6220856
48 48 -0.57086664
20 49 0.6179898
49 49 -0.66306007
20 50 -0.28291246
50 50 -1.5974996
20 51 -0.5660411
51 51 2.142666
20 52 -5.398539
52 52 -1.3719751
20 53 -1.1112725
53 53 0.5457958
21 36 0.5809865
36 36 0.27332494
21 37 0.9682163
37 37 -0.23766409
21 38 -0.2597338
38 38 0.9547406
21 39 0.17265236
39 39 -1.1743118
21 40 0.47633106
40 40 0.18932725
21 41 -0.3742508
41 41 0.18822096
21 42 -1.1745166
42 42 -1.300848
21 43 0.3570477
43 43 1.4520581
21 44 0.10018655
44 44 -0.706029
21 45 -0.44374698
45 45 -1.1699775
21 46 -0.16487934
46 46 0.3129359
21 47 -0.620012
47 47 0.2923849
21 48 -0.47956267
48 48 -0.57086664
21 49 -0.7716336
49 49 -0.66306007
21 50 -0.21066406
50 50 -1.5974996
21 51 5.356572
51 51 2.142666
21 52 -0.54541945
52 52 -1.3719751
21 53 0.5347245
53 53 0.5457958
22 36 -0.15889734
36 36 0.27332494
22 37 -0.85847116
37 37 -0.23766409
22 38 0.8712376
38 38 0.9547406
22 39 -0.056587946
39 39 -1.1743118
22 40 0.55452687
40 40 0.18932725
22 41 0.9838439
41 41 0.18822096
22 42 1.3884327
42 42 -1.300848
22 43 2.8166862
43 43 1.4520581
22 44 -0.23426734
44 44 -0.706029
22 45 0.2499996
45 45 -1.1699775
22 46 0.8830523
46 46 0.3129359
22 47 0.40316993
47 47 0.2923849
22 48 0.65086764
48 48 -0.57086664
22 49 -0.44105977
49 49 -0.66306007
22 50 -0.17190816
50 50 -1.5974996
22 51 -3.5507536
51 51 2.142666
22 52 -0.23585981
52 52 -1.3719751
22 53 0.5677508
53 53 0.5457958
23 36 -0.33206904
36 36 0.27332494
23 37 -1.9929266
37 37 -0.23766409
23 38 -0.38419014
38 38 0.9547406
23 39 -0.5294234
39 39 -1.1743118
23 40 -0.06293954
40 40 0.18932725
23 41 -0.7795839
41 41 0.18822096
23 42 -1.9765483
42 42 -1.300848
23 43 0.38664967
43 43 1.4520581
23 44 -0.40605205
44 44 -0.706029
23 45 -0.76217794
45 45 -1.1699775
23 46 -0.2669415
46 46 0.3129359
23 47 0.09431018
47 47 0.2923849
23 48 -0.5914311
48 48 -0.57086664
23 49 0.17305565
49 49 -0.66306007
23 50 -1.520223
50 50 -1.5974996
23 51 5.932575
51 51 2.142666
23 52 -0.5887295
52 52 -1.3719751
23 53 -0.57708234
53 53 0.5457958
24 36 -0.21218894
36 36 0.27332494
24 37 -0.6776817
37 37 -0.23766409
24 38 -0.7566537
38 38 0.9547406
24 39 -0.10316145
39 39 -1.1743118
24 40 2.3161657
40 40 0.18932725
24 41 -0.55125445
41 41 0.18822096
24 42 -0.86559993
42 42 -1.300848
24 43 0.52288586
43 43 1.4520581
24 44 -0.07215835
44 44 -0.706029
24 45 -0.8097411
45 45 -1.1699775
24 46 0.4986196
46 46 0.3129359
24 47 3.178828
47 47 0.2923849
24 48 0.012959414
48 48 -0.57086664
24 49 -0.15491246
49 49 -0.66306007
24 50 -1.6519567
50 50 -1.5974996
24 51 0.6780405
51 51 2.142666
24 52 -0.1841725
52 52 -1.3719751
24 53 -0.91743463
53 53 0.5457958
25 36 2.4589453
36 36 0.27332494
25 37 0.473079
37 37 -0.23766409
25 38 1.4793701
38 38 0.9547406
25 39 -0.68116486
39 39 -1.1743118
25 40 -0.87883353
40 40 0.18932725
25 41 0.63392544
41 41 0.18822096
25 42 -1.7527846
42 42 -1.300848
25 43 2.5575662
43 43 1.4520581
25 44 0.67486453
44 44 -0.706029
25 45 0.70106864
45 45 -1.1699775
25 46 1.2355969
46 46 0.3129359
25 47 -2.9774735
47 47 0.2923849
25 48 -0.012491953
48 48 -0.57086664
25 49 1.0122811
49 49 -0.66306007
25 50 2.5247774
50 50 -1.5974996
25 51 3.4407814
51 51 2.142666
25 52 -0.25623587
52 52 -1.3719751
25 53 0.8101904
53 53 0.5457958
26 36 -1.3410745
36 36 0.27332494
26 37 0.23137926
37 37 -0.23766409
26 38 0.2453901
38 38 0.9547406
26 39 0.26811796
39 39 -1.1743118
26 40 0.15974896
40 40 0.18932725
26 41 -0.5899809
41 41 0.18822096
26 42 1.4965836
42 42 -1.300848
26 43 -2.027269
43 43 1.4520581
26 44 -1.977566
44 44 -0.706029
26 45 -0.9528489
45 45 -1.1699775
26 46 -1.2645407
46 46 0.3129359
26 47 0.4736226
47 47 0.2923849
26 48 -0.10082511
48 48 -0.57086664
26 49 -2.3375437
49 49 -0.66306007
26 50 -3.0983617
50 50 -1.5974996
26 51 -1.8006166
51 51 2.142666
26 52 -1.1645502
52 52 -1.3719751
26 53 -0.77305204
53 53 0.5457958
36 54 5.409841
54 54 0.48417532
36 55 -0.031570178
55 55 0.5817135
36 56 -0.93088245
56 56 -0.07513915
36 57 1.8749106
57 57 0.575252
36 58 -1.008057
58 58 -0.7666564
36 59 1.7559861
59 59 1.797513
36 60 -2.4544237
60 60 0.85628843
36 61 -2.3523831
61 61 -0.16325328
36 62 0.5111749
62 62 2.6238887
36 63 2.548663
63 63 0.643007
36 64 3.4576333
64 64 1.323594
36 65 3.1749234
65 65 0.38092172
36 66 0.664305
66 66 -2.121238
36 67 -2.7236483
67 67 -0.42115662
36 68 2.381178
68 68 0.68490934
36 69 1.8846619
69 69 1.3838736
36 70 -1.2887053
70 70 -0.6936999
36 71 -0.22597735
71 71 -1.7735116
37 54 0.06686811
54 54 0.48417532
37 55 0.37670946
55 55 0.5817135
37 56 -2.6808248
56 56 -0.07513915
37 57 -0.7132102
57 57 0.575252
37 58 5.4220715
58 58 -0.7666564
37 59 -4.4289036
59 59 1.797513
37 60 2.5544527
60 60 0.85628843
37 61 2.7316554
61 61 -0.16325328
37 62 -3.9683344
62 62 2.6238887
37 63 -2.3549912
63 63 0.643007
37 64 -1.4693499
64 64 1.323594
37 65 0.2742461
65 65 0.38092172
37 66 -1.204025
66 66 -2.121238
37 67 -0.017785637
67 67 -0.42115662
37 68 0.49354646
68 68 0.68490934
37 69 2.3888109
69 69 1.3838736
37 70 -1.5995333
70 70 -0.6936999
37 71 0.7667697
71 71 -1.7735116
38 54 -2.846615
54 54 0.48417532
38 55 2.7879298
55 55 0.5817135
38 56 -7.2323213
56 56 -0.07513915
38 57 -0.40659717
57 57 0.575252
38 58 -1.6167287
58 58 -0.7666564
38 59 0.04841093
59 59 1.797513
38 60 -2.9165974
60 60 0.85628843
38 61 -0.26565507
61 61 -0.16325328
38 62 -1.7079186
62 62 2.6238887
38 63 2.8928556
63 63 0.643007
38 64 -0.45937204
64 64 1.323594
38 65 0.21713597
65 65 0.38092172
38 66 2.7065198
66 66 -2.121238
38 67 -1.3323843
67 67 -0.42115662
38 68 0.8096849
68 68 0.68490934
38 69 3.8076372
69 69 1.3838736
38 70 3.6966841
70 70 -0.6936999
38 71 2.0371013
71 71 -1.7735116
39 54 -1.63613
54 54 0.48417532
39 55 0.6311153
55 55 0.5817135
39 56 -1.2738377
56 56 -0.07513915
39 57 2.5735457
57 57 0.575252
39 58 0.38789544
58 58 -0.7666564
39 59 -0.83976126
59 59 1.797513
39 60 -0.88099027
60 60 0.85628843
39 61 4.5544553
61 61 -0.16325328
39 62 3.767553
62 62 2.6238887
39 63 -2.308318
63 63 0.643007
39 64 0.31730098
64 64 1.323594
39 65 1.8489317
65 65 0.38092172
39 66 -3.8926558
66 66 -2.121238
39 67 -1.7043017
67 67 -0.42115662
39 68 3.394991
68 68 0.68490934
39 69 -2.2478268
69 69 1.3838736
39 70 -2.9323223
70 70 -0.6936999
39 71 7.393147
71 71 -1.7735116
40 54 5.406207
54 54 0.48417532
40 55 -0.5393059
55 55 0.5817135
40 56 -3.4028647
56 56 -0.07513915
40 57 -1.0380607
57 57 0.575252
40 58 -0.089797676
58 58 -0.7666564
40 59 3.9549375
59 59 1.797513
40 60 -0.64837754
60 60 0.85628843
40 61 1.3248496
61 61 -0.16325328
40 62 -2.7436373
62 62 2.6238887
40 63 0.89896655
63 63 0.643007
40 64 1.0482329
64 64 1.323594
40 65 -2.6372843
65 65 0.38092172
40 66 -1.9985586
66 66 -2.121238
40 67 1.9756923
67 67 -0.42115662
40 68 -1.005157
68 68 0.68490934
40 69 -3.9452944
69 69 1.3838736
40 70 -0.15992732
70 70 -0.6936999
40 71 -2.0084825
71 71 -1.7735116
41 54 3.225002
54 54 0.48417532
41 55 1.4708036
55 55 0.5817135
41 56 9.833996
56 56 -0.07513915
41 57 0.32331327
57 57 0.575252
41 58 1.4448866
58 58 -0.7666564
41 59 0.18958794
59 59 1.797513
41 60 -2.6370947
60 60 0.85628843
41 61 6.7689605
61 61 -0.16325328
41 62 -0.022717407
62 62 2.6238887
41 63 3.079794
63 63 0.643007
41 64 -4.500424
64 64 1.323594
41 65 2.263654
65 65 0.38092172
41 66 -4.842062
66 66 -2.121238
41 67 -2.0007515
67 67 -0.42115662
41 68 -0.20618138
68 68 0.68490934
41 69 1.2203058
69 69 1.3838736
41 70 -0.88665074
70 70 -0.6936999
41 71 5.3080173
71 71 -1.7735116
42 54 0.57306695
54 54 0.48417532
42 55 -0.50706553
55 55 0.5817135
42 56 -3.37345
56 56 -0.07513915
42 57 3.571596
57 57 0.575252
42 58 -4.605248
58 58 -0.7666564
42 59 -2.6299374
59 59 1.797513
42 60 3.114615
60 60 0.85628843
42 61 -3.7194042
61 61 -0.16325328
42 62 5.0270123
62 62 2.6238887
42 63 -1.4316982
63 63 0.643007
42 64 6.447687
64 64 1.323594
42 65 -6.3339386
65 65 0.38092172
42 66 3.379519
66 66 -2.121238
42 67 -1.4872605
67 67 -0.42115662
42 68 -4.297761
68 68 0.68490934
42 69 -1.3051826
69 69 1.3838736
42 70 1.8368243
70 70 -0.6936999
42 71 -4.9844766
71 71 -1.7735116
43 54 3.1444201
54 54 0.48417532
43 55 -4.5794544
55 55 0.5817135
43 56 1.9976411
56 56 -0.07513915
43 57 -1.3894606
57 57 0.575252
43 58 3.3040943
58 58 -0.7666564
43 59 -5.0747647
59 59 1.797513
43 60 0.099917494
60 60 0.85628843
43 61 -1.6122056
61 61 -0.16325328
43 62 -1.1173955
62 62 2.6238887
43 63 -5.20011
63 63 0.643007
43 64 -1.3782482
64 64 1.323594
43 65 0.46171913
65 65 0.38092172
43 66 0.9904899
66 66 -2.121238
43 67 2.2586353
67 67 -0.42115662
43 68 0.36619365
68 68 0.68490934
43 69 -1.3512067
69 69 1.3838736
43 70 -1.5683647
70 70 -0.6936999
43 71 -0.032149334
71 71 -1.7735116
44 54 -4.0139894
54 54 0.48417532
44 55 2.2004154
55 55 0.5817135
44 56 0.48116368
56 56 -0.07513915
44 57 -5.4719315
57 57 0.575252
44 58 -4.22695
58 58 -0.7666564
44 59 2.5691884
59 59 1.797513
44 60 2.6811283
60 60 0.85628843
44 61 1.4209448
61 61 -0.16325328
44 62 -3.873724
62 62 2.6238887
44 63 -1.7955791
63 63 0.643007
44 64 -1.4995289
64 64 1.323594
44 65 1.2073553
65 65 0.38092172
44 66 0.68019044
66 66 -2.121238
44 67 3.4830077
67 67 -0.42115662
44 68 -2.1890204
68 68 0.68490934
44 69 3.4648714
69 69 1.3838736
44 70 -0.970747
70 70 -0.6936999
44 71 1.4574991
71 71 -1.7735116
45 54 6.4186125
54 54 0.48417532
45 55 0.87873775
55 55 0.5817135
45 56 0.19912907
56 56 -0.07513915
45 57 -2.311827
57 57 0.575252
45 58 -2.4466572
58 58 -0.7666564
45 59 -3.12452
59 59 1.797513
45 60 1.6175267
60 60 0.85628843
45 61 2.165422
61 61 -0.16325328
45 62 1.0019499
62 62 2.6238887
45 63 1.0325557
63 63 0.643007
45 64 1.7267053
64 64 1.323594
45 65 -6.786726
65 65 0.38092172
45 66 -2.3106906
66 66 -2.121238
45 67 2.9064639
67 67 -0.42115662
45 68 -5.8570633
68 68 0.68490934
45 69 4.7539377
69 69 1.3838736
45 70 3.351603
70 70 -0.6936999
45 71 -9.412103
71 71 -1.7735116
46 54 -1.6225226
54 54 0.48417532
46 55 -5.1258307
55 55 0.5817135
46 56 -3.1478968
56 56 -0.07513915
46 57 2.3722517
57 57 0.575252
46 58 -2.351327
58 58 -0.7666564
46 59 -0.4799035
59 59 1.797513
46 60 2.8531756
60 60 0.85628843
46 61 -0.33107004
61 61 -0.16325328
46 62 0.88087815
62 62 2.6238887
46 63 -5.6395726
63 63 0.643007
46 64 1.2632002
64 64 1.323594
46 65 0.564819
65 65 0.38092172
46 66 1.6624767
66 66 -2.121238
46 67 -0.10346415
67 67 -0.42115662
46 68 -1.9773988
68 68 0.68490934
46 69 -3.1932645
69 69 1.3838736
46 70 1.0582176
70 70 -0.6936999
46 71 -1.4409412
71 71 -1.7735116
47 54 -3.0917017
54 54 0.48417532
47 55 0.4902916
55 55 0.5817135
47 56 -1.6419916
56 56 -0.07513915
47 57 0.39116117
57 57 0.575252
47 58 -1.5427358
58 58 -0.7666564
47 59 -2.1599345
59 59 1.797513
47 60 0.4122709
60 60 0.85628843
47 61 -0.59043443
61 61 -0.16325328
47 62 0.7839479
62 62 2.6238887
47 63 1.8742535
63 63 0.643007
47 64 -1.4568541
64 64 1.323594
47 65 2.4307072
65 65 0.38092172
47 66 1.7241693
66 66 -2.121238
47 67 0.86711186
67 67 -0.42115662
47 68 1.9224395
68 68 0.68490934
47 69 -2.5993285
69 69 1.3838736
47 70 3.5451465
70 70 -0.6936999
47 71 0.39309558
71 71 -1.7735116
48 54 4.5385337
54 54 0.48417532
48 55 -1.3982213
55 55 0.5817135
48 56 6.669533
56 56 -0.07513915
48 57 -4.3545904
57 57 0.575252
48 58 4.26034
58 58 -0.7666564
48 59 -2.7078204
59 59 1.797513
48 60 -2.0773873
60 60 0.85628843
48 61 1.7656629
61 61 -0.16325328
48 62 2.6826916
62 62 2.6238887
48 63 1.9920665
63 63 0.643007
48 64 -3.5637283
64 64 1.323594
48 65 -2.4372911
65 65 0.38092172
48 66 -0.71357304
66 66 -2.121238
48 67 2.826035
67 67 -0.42115662
48 68 -5.209531
68 68 0.68490934
48 69 -4.932737
69 69 1.3838736
48 70 -2.2397768
70 70 -0.6936999
48 71 -0.6844017
71 71 -1.7735116
49 54 -6.4821196
54 54 0.48417532
49 55 4.026408
55 55 0.5817135
49 56 -5.2014318
56 56 -0.07513915
49 57 -0.5178543
57 57 0.575252
49 58 -7.268613
58 58 -0.7666564
49 59 0.05469582
59 59 1.797513
49 60 0.08990632
60 60 0.85628843
49 61 3.0725396
61 61 -0.16325328
49 62 -2.3868077
62 62 2.6238887
49 63 -3.028164
63 63 0.643007
49 64 -3.4722846
64 64 1.323594
49 65 -4.986573
65 65 0.38092172
49 66 0.81399494
66 66 -2.121238
49 67 4.7486954
67 67 -0.42115662
49 68 -2.5068188
68 68 0.68490934
49 69 -2.3940806
69 69 1.3838736
49 70 -1.6270844
70 70 -0.6936999
49 71 -0.27162427
71 71 -1.7735116
50 54 -1.0580465
54 54 0.48417532
50 55 3.3091102
55 55 0.5817135
50 56 2.66387
56 56 -0.07513915
50 57 1.0343046
57 57 0.575252
50 58 2.1299977
58 58 -0.7666564
50 59 -2.76478
59 59 1.797513
50 60 -5.1734776
60 60 0.85628843
50 61 2.1490724
61 61 -0.16325328
50 62 -3.231517
62 62 2.6238887
50 63 5.658778
63 63 0.643007
50 64 4.1747246
64 64 1.323594
50 65 -0.91318697
65 65 0.38092172
50 66 12.01624
66 66 -2.121238
50 67 3.3142824
67 67 -0.42115662
50 68 -0.15538669
68 68 0.68490934
50 69 -4.3293247
69 69 1.3838736
50 70 3.0648677
70 70 -0.6936999
50 71 -5.1823635
71 71 -1.7735116
51 54 1.0714422
54 54 0.48417532
51 55 1.3793198
55 55 0.5817135
51 56 3.884407
56 56 -0.07513915
51 57 2.8089108
57 57 0.575252
51 58 2.5895722
58 58 -0.7666564
51 59 -7.6136475
59 59 1.797513
51 60 -2.1477268
60 60 0.85628843
51 61 -1.2633194
61 61 -0.16325328
51 62 -2.0733485
62 62 2.6238887
51 63 0.7006649
63 63 0.643007
51 64 1.2012329
64 64 1.323594
51 65 2.0089195
65 65 0.38092172
51 66 0.09917921
66 66 -2.121238
51 67 -2.289232
67 67 -0.42115662
51 68 2.1566157
68 68 0.68490934
51 69 2.7164261
69 69 1.3838736
51 70 -1.1959455
70 70 -0.6936999
51 71 -3.4960284
71 71 -1.7735116
52 54 -0.7752832
54 54 0.48417532
52 55 -1.8054223
55 55 0.5817135
52 56 -5.767535
56 56 -0.07513915
52 57 7.768794
57 57 0.575252
52 58 -0.29598162
58 58 -0.7666564
52 59 0.7863976
59 59 1.797513
52 60 9.036705
60 60 0.85628843
52 61 -1.0406021
61 61 -0.16325328
52 62 4.196847
62 62 2.6238887
52 63 -5.0441575
63 63 0.643007
52 64 -2.6971028
64 64 1.323594
52 65 1.8106292
65 65 0.38092172
52 66 -4.2498684
66 66 -2.121238
52 67 -2.5297616
67 67 -0.42115662
52 68 1.0606972
68 68 0.68490934
52 69 -3.026603
69 69 1.3838736
52 70 -3.684287
70 70 -0.6936999
52 71 7.441588
71 71 -1.7735116
53 54 -2.8962402
54 54 0.48417532
53 55 1.0141207
55 55 0.5817135
53 56 -0.89757544
56 56 -0.07513915
53 57 -3.1984525
57 57 0.575252
53 58 -0.64235836
58 58 -0.7666564
53 59 7.437273
59 59 1.797513
53 60 3.7948492
60 60 0.85628843
53 61 2.6808455
61 61 -0.16325328
53 62 2.4239306
62 62 2.6238887
53 63 -0.40677282
63 63 0.643007
53 64 -2.9381251
64 64 1.323594
53 65 -0.5765872
65 65 0.38092172
53 66 0.30049503
66 66 -2.121238
53 67 0.3865264
67 67 -0.42115662
53 68 -0.053651337
68 68 0.68490934
53 69 3.42631
69 69 1.3838736
53 70 0.25505894
70 70 -0.6936999
53 71 -0.002198195
71 71 -1.7735116
54 72 -3.7340162
54 72 0.20991325
54 73 6.378987
54 73 0.006528051
54 74 0.22450387
54 74 -0.54107475
54 75 -2.1666567
54 75 -0.004301962
54 76 1.8543308
54 76 -0.17280014
54 77 -3.7854655
54 77 -0.35834962
54 78 -0.7327992
54 78 -1.3497896
54 79 -2.9491608
54 79 -1.5436416
54 80 -5.236378
54 80 -0.22310627
54 81 5.789877
54 81 0.37950206
54 82 -6.4150834
54 82 -0.9725037
54 83 5.4704056
54 83 -0.7827127
54 84 -4.1783023
54 84 -0.45558026
54 85 6.554454
54 85 -0.5618581
54 86 1.5187575
54 86 -0.6500977
54 87 -2.217899
54 87 1.7177286
54 88 -3.10004
54 88 1.013327
54 89 3.9893103
54 89 1.5066681
55 72 -2.2868946
55 72 0.20991325
55 73 3.4982069
55 73 0.006528051
55 74 4.0366445
55 74 -0.54107475
55 75 1.1078004
55 75 -0.004301962
55 76 -2.1109495
55 76 -0.17280014
55 77 0.29628947
55 77 -0.35834962
55 78 2.078209
55 78 -1.3497896
55 79 4.9276843
55 79 -1.5436416
55 80 6.611007
55 80 -0.22310627
55 81 -6.859809
55 81 0.37950206
55 82 -0.8629483
55 82 -0.9725037
55 83 -5.700373
55 83 -0.7827127
55 84 -2.01688
55 84 -0.45558026
55 85 -4.9142027
55 85 -0.5618581
55 86 6.7455635
55 86 -0.6500977
55 87 -2.7209613
55 87 1.7177286
55 88 0.48909062
55 88 1.013327
55 89 -3.7912824
55 89 1.5066681
56 72 -5.0061584
56 72 0.20991325
56 73 -2.22274
56 73 0.006528051
56 74 6.469575
56 74 -0.54107475
56 75 -6.446215
56 75 -0.004301962
56 76 -2.7789366
56 76 -0.17280014
56 77 -1.9303775
56 77 -0.35834962
56 78 -0.7196353
56 78 -1.3497896
56 79 -3.37876
56 79 -1.5436416
56 80 6.940327
56 80 -0.22310627
56 81 4.0669756
56 81 0.37950206
56 82 -3.3653784
56 82 -0.9725037
56 83 2.8880663
56 83 -0.7827127
56 84 7.0242205
56 84 -0.45558026
56 85 8.319958
56 85 -0.5618581
56 86 -5.973127
56 86 -0.6500977
56 87 -12.4917
56 87 1.7177286
56 88 2.3870628
56 88 1.013327
56 89 0.8357737
56 89 1.5066681
57 72 1.899415
57 72 0.20991325
57 73 -0.27431944
57 73 0.006528051
57 74 -7.0298615
57 74 -0.54107475
57 75 -1.8657093
57 75 -0.004301962
57 76 3.0586283
57 76 -0.17280014
57 77 4.8404655
57 77 -0.35834962
57 78 2.1635892
57 78 -1.3497896
57 79 -2.5890913
57 79 -1.5436416
57 80 -5.6417847
57 80 -0.22310627
57 81 2.350272
57 81 0.37950206
57 82 -1.7749511
57 82 -0.9725037
57 83 -5.5530205
57 83 -0.7827127
57 84 3.2858887
57 84 -0.45558026
57 85 4.627697
57 85 -0.5618581
57 86 -1.6624938
57 86 -0.6500977
57 87 -0.93502367
57 87 1.7177286
57 88 -4.622553
57 88 1.013327
57 89 2.3561945
57 89 1.5066681
58 72 2.0002463
58 72 0.20991325
58 73 -3.327678
58 73 0.006528051
58 74 4.451718
58 74 -0.54107475
58 75 3.400351
58 75 -0.004301962
58 76 -2.4246852
58 76 -0.17280014
58 77 -6.074856
58 77 -0.35834962
58 78 -1.4791158
58 78 -1.3497896
58 79 -5.809413
58 79 -1.5436416
58 80 -3.5992985
58 80 -0.22310627
58 81 3.805108
58 81 0.37950206
58 82 -2.3550067
58 82 -0.9725037
58 83 7.297397
58 83 -0.7827127
58 84 -1.8095384
58 84 -0.45558026
58 85 0.6280972
58 85 -0.5618581
58 86 -2.6732638
58 86 -0.6500977
58 87 3.153512
58 87 1.7177286
58 88 -2.685331
58 88 1.013327
58 89 3.6001143
58 89 1.5066681
59 72 -9.0989275
59 72 0.20991325
59 73 7.41676
59 73 0.006528051
59 74 -3.7716126
59 74 -0.54107475
59 75 -8.420559
59 75 -0.004301962
59 76 8.750059
59 76 -0.17280014
59 77 6.8201933
59 77 -0.35834962
59 78 -0.6516089
59 78 -1.3497896
59 79 7.4498005
59 79 -1.5436416
59 80 6.7296963
59 80 -0.22310627
59 81 5.697481
59 81 0.37950206
59 82 8.107384
59 82 -0.9725037
59 83 -4.2240825
59 83 -0.7827127
59 84 -2.4181743
59 84 -0.45558026
59 85 -5.098722
59 85 -0.5618581
59 86 7.6051097
59 86 -0.6500977
59 87 -7.661092
59 87 1.7177286
59 88 -1.6953988
59 88 1.013327
59 89 -2.745941
59 89 1.5066681
60 72 2.8165944
60 72 0.20991325
60 73 -1.6530977
60 73 0.006528051
60 74 0.7121864
60 74 -0.54107475
60 75 2.3458977
60 75 -0.004301962
60 76 -2.66343
60 76 -0.17280014
60 77 1.3353361
60 77 -0.35834962
60 78 -4.4617047
60 78 -1.3497896
60 79 0.0037863487
60 79 -1.5436416
60 80 -0.004007944
60 80 -0.22310627
60 81 0.63951653
60 81 0.37950206
60 82 6.004305
60 82 -0.9725037
60 83 2.6618576
60 83 -0.7827127
60 84 3.4684043
60 84 -0.45558026
60 85 -5.686976
60 85 -0.5618581
60 86 -3.0905554
60 86 -0.6500977
60 87 2.5323768
60 87 1.7177286
60 88 5.6608024
60 88 1.013327
60 89 1.3859758
60 89 1.5066681
61 72 -0.79858917
61 72 0.20991325
61 73 -0.73786944
61 73 0.006528051
61 74 4.1412144
61 74 -0.54107475
61 75 4.653691
61 75 -0.004301962
61 76 -4.265492
61 76 -0.17280014
61 77 -3.3096676
61 77 -0.35834962
61 78 -5.6156907
61 78 -1.3497896
61 79 -4.469254
61 79 -1.5436416
61 80 4.5607476
61 80 -0.22310627
61 81 -2.7856057
61 81 0.37950206
61 82 3.720587
61 82 -0.9725037
61 83 -3.325057
61 83 -0.7827127
61 84 -2.0874999
61 84 -0.45558026
61 85 -5.0255756
61 85 -0.5618581
61 86 1.0414208
61 86 -0.6500977
61 87 4.891658
61 87 1.7177286
61 88 6.6812067
61 88 1.013327
61 89 3.2429476
61 89 1.5066681
62 72 1.4677317
62 72 0.20991325
62 73 5.591587
62 73 0.006528051
62 74 -5.885108
62 74 -0.54107475
62 75 -5.817569
62 75 -0.004301962
62 76 5.8963184
62 76 -0.17280014
62 77 6.0209494
62 77 -0.35834962
62 78 -0.029448701
62 78 -1.3497896
62 79 2.83158
62 79 -1.5436416
62 80 0.9628395
62 80 -0.22310627
62 81 -0.72876555
62 81 0.37950206
62 82 -1.267935
62 82 -0.9725037
62 83 -5.918402
62 83 -0.7827127
62 84 2.9637325
62 84 -0.45558026
62 85 0.5348989
62 85 -0.5618581
62 86 1.3568963
62 86 -0.6500977
62 87 -1.8636789
62 87 1.7177286
62 88 3.056609
62 88 1.013327
62 89 -0.33759964
62 89 1.5066681
63 72 -1.7668767
63 72 0.20991325
63 73 -1.0393988
63 73 0.006528051
63 74 6.343626
63 74 -0.54107475
63 75 2.4001272
63 75 -0.004301962
63 76 -3.2321541
63 76 -0.17280014
63 77 0.5722233
63 77 -0.35834962
63 78 6.698909
63 78 -1.3497896
63 79 6.217611
63 79 -1.5436416
63 80 5.9828024
63 80 -0.22310627
63 81 -8.05736
63 81 0.37950206
63 82 -1.9648728
63 82 -0.9725037
63 83 -4.928859
63 83 -0.7827127
63 84 -5.5776706
63 84 -0.45558026
63 85 1.5726316
63 85 -0.5618581
63 86 7.162085
63 86 -0.6500977
63 87 -5.9725275
63 87 1.7177286
63 88 -3.5369527
63 88 1.013327
63 89 -6.026175
63 89 1.5066681
64 72 5.3618727
64 72 0.20991325
64 73 -0.28904438
64 73 0.006528051
64 74 -3.67968
64 74 -0.54107475
64 75 -2.500747
64 75 -0.004301962
64 76 3.0336928
64 76 -0.17280014
64 77 1.580216
64 77 -0.35834962
64 78 7.416727
64 78 -1.3497896
64 79 5.6497974
64 79 -1.5436416
64 80 -1.4058014
64 80 -0.22310627
64 81 -5.7749596
64 81 0.37950206
64 82 -2.6526673
64 82 -0.9725037
64 83 3.4578648
64 83 -0.7827127
64 84 0.9305934
64 84 -0.45558026
64 85 2.9362402
64 85 -0.5618581
64 86 3.2099197
64 86 -0.6500977
64 87 -3.270041
64 87 1.7177286
64 88 -3.8109019
64 88 1.013327
64 89 -3.8535073
64 89 1.5066681
65 72 -0.6235423
65 72 0.20991325
65 73 -3.8539946
65 73 0.006528051
65 74 -0.9625307
65 74 -0.54107475
65 75 -1.8078827
65 75 -0.004301962
65 76 2.6157708
65 76 -0.17280014
65 77 4.6758595
65 77 -0.35834962
65 78 1.8192292
65 78 -1.3497896
65 79 0.49069256
65 79 -1.5436416
65 80 -3.2144978
65 80 -0.22310627
65 81 4.6821322
65 81 0.37950206
65 82 1.5352569
65 82 -0.9725037
65 83 0.4601534
65 83 -0.7827127
65 84 1.7857857
65 84 -0.45558026
65 85 3.032565
65 85 -0.5618581
65 86 -5.1894746
65 86 -0.6500977
65 87 0.40086862
65 87 1.7177286
65 88 -0.96874857
65 88 1.013327
65 89 -2.6057262
65 89 1.5066681
66 72 0.29215008
66 72 0.20991325
66 73 0.28506666
66 73 0.006528051
66 74 -6.462487
66 74 -0.54107475
66 75 -0.37222335
66 75 -0.004301962
66 76 1.3267417
66 76 -0.17280014
66 77 4.6151876
66 77 -0.35834962
66 78 2.2955775
66 78 -1.3497896
66 79 5.1144414
66 79 -1.5436416
66 80 -0.5524194
66 80 -0.22310627
66 81 -0.95757675
66 81 0.37950206
66 82 -4.6100907
66 82 -0.9725037
66 83 4.0326543
66 83 -0.7827127
66 84 3.7562096
66 84 -0.45558026
66 85 0.693714
66 85 -0.5618581
66 86 -1.4411979
66 86 -0.6500977
66 87 -3.337125
66 87 1.7177286
66 88 -4.4005027
66 88 1.013327
66 89 -1.9098516
66 89 1.5066681
67 72 -4.091441
67 72 0.20991325
67 73 4.2637005
67 73 0.006528051
67 74 -0.13921554
67 74 -0.54107475
67 75 3.731457
67 75 -0.004301962
67 76 -3.572369
67 76 -0.17280014
67 77 2.7487445
67 77 -0.35834962
67 78 -6.444016
67 78 -1.3497896
67 79 -2.7800112
67 79 -1.5436416
67 80 2.9540398
67 80 -0.22310627
67 81 -0.48621932
67 81 0.37950206
67 82 -1.7469474
67 82 -0.9725037
67 83 -1.7401092
67 83 -0.7827127
67 84 -4.3243866
67 84 -0.45558026
67 85 -4.1025763
67 85 -0.5618581
67 86 0.87228584
67 86 -0.6500977
67 87 3.8270106
67 87 1.7177286
67 88 3.5814447
67 88 1.013327
67 89 1.6815121
67 89 1.5066681
68 72 -1.7986815
68 72 0.20991325
68 73 -2.1778302
68 73 0.006528051
68 74 -3.7406793
68 74 -0.54107475
68 75 -1.4666488
68 75 -0.004301962
68 76 0.7277754
68 76 -0.17280014
68 77 2.2489886
68 77 -0.35834962
68 78 3.0579128
68 78 -1.3497896
68 79 2.017381
68 79 -1.5436416
68 80 -0.7582088
68 80 -0.22310627
68 81 1.026012
68 81 0.37950206
68 82 2.2079024
68 82 -0.9725037
68 83 -1.2426156
68 83 -0.7827127
68 84 2.4676194
68 84 -0.45558026
68 85 3.0018299
68 85 -0.5618581
68 86 -2.9709134
68 86 -0.6500977
68 87 -0.9230941
68 87 1.7177286
68 88 -2.1838017
68 88 1.013327
68 89 -3.9184606
68 89 1.5066681
69 72 4.999307
69 72 0.20991325
69 73 -4.7778893
69 73 0.006528051
69 74 5.6698375
69 74 -0.54107475
69 75 -1.5288876
69 75 -0.004301962
69 76 1.0748827
69 76 -0.17280014
69 77 -6.8981543
69 77 -0.35834962
69 78 2.3721094
69 78 -1.3497896
69 79 4.0901227
69 79 -1.5436416
69 80 2.1348324
69 80 -0.22310627
69 81 -4.451632
69 81 0.37950206
69 82 0.8659806
69 82 -0.9725037
69 83 1.1896974
69 83 -0.7827127
69 84 2.7363698
69 84 -0.45558026
69 85 -3.064592
69 85 -0.5618581
69 86 2.4767468
69 86 -0.6500977
69 87 -2.5856917
69 87 1.7177286
69 88 2.3182561
69 88 1.013327
69 89 -0.9410916
69 89 1.5066681
70 72 -0.7290909
70 72 0.20991325
70 73 -0.09681199
70 73 0.006528051
70 74 0.8681664
70 74 -0.54107475
70 75 5.8467517
70 75 -0.004301962
70 76 -5.875309
70 76 -0.17280014
70 77 -0.70621586
70 77 -0.35834962
70 78 2.549554
70 78 -1.3497896
70 79 4.1776934
70 79 -1.5436416
70 80 3.6212153
70 80 -0.22310627
70 81 -4.186296
70 81 0.37950206
70 82 0.86915916
70 82 -0.9725037
70 83 5.9776745
70 83 -0.7827127
70 84 -3.6392767
70 84 -0.45558026
70 85 -0.47999325
70 85 -0.5618581
70 86 2.7542286
70 86 -0.6500977
70 87 0.14480843
70 87 1.7177286
70 88 -3.658622
70 88 1.013327
70 89 -2.575056
70 89 1.5066681
71 72 3.558729
71 72 0.20991325
71 73 -6.011633
71 73 0.006528051
71 74 -0.52203995
71 74 -0.54107475
71 75 -3.0095303
71 75 -0.004301962
71 76 3.2341778
71 76 -0.17280014
71 77 3.0891473
71 77 -0.35834962
71 78 4.6232085
71 78 -1.3497896
71 79 -2.7980726
71 79 -1.5436416
71 80 0.22948451
71 80 -0.22310627
71 81 1.7179087
71 81 0.37950206
71 82 10.040206
71 82 -0.9725037
71 83 -6.2475476
71 83 -0.7827127
71 84 0.3598233
71 84 -0.45558026
71 85 1.0699743
71 85 -0.5618581
71 86 3.8431864
71 86 -0.6500977
71 87 8.873444
71 87 1.7177286
71 88 5.7692347
71 88 1.013327
71 89 -1.726536
71 89 1.5066681
72 27 -5.8001876
72 27 0.9857015
72 28 -10.254324
72 28 -2.4677985
72 29 5.117656
72 29 0.4831938
72 30 1.1245708
72 30 -2.8301654
72 31 7.7465744
72 31 1.0653558
72 32 4.2936006
72 32 0.96667916
72 33 -9.366202
72 33 -1.1625422
72 34 3.9146805
72 34 -1.649679
72 35 -7.700372
72 35 1.5159135
73 27 -6.0673904
73 27 0.9857015
73 28 10.201062
73 28 -2.4677985
73 29 -9.904878
73 29 0.4831938
73 30 -6.3020654
73 30 -2.8301654
73 31 -0.14720261
73 31 1.0653558
73 32 8.590385
73 32 0.96667916
73 33 -3.6902103
73 33 -1.1625422
73 34 -8.876772
73 34 -1.649679
73 35 9.712884
73 35 1.5159135
74 27 6.6283216
74 27 0.9857015
74 28 -7.2549305
74 28 -2.4677985
74 29 -1.4879451
74 29 0.4831938
74 30 2.2897875
74 30 -2.8301654
74 31 -7.7973003
74 31 1.0653558
74 32 4.79756
74 32 0.96667916
74 33 9.301758
74 33 -1.1625422
74 34 9.033541
74 34 -1.649679
74 35 -12.931675
74 35 1.5159135
75 27 6.141827
75 27 0.9857015
75 28 -11.122784
75 28 -2.4677985
75 29 5.742038
75 29 0.4831938
75 30 -7.54975
75 30 -2.8301654
75 31 -7.170516
75 31 1.0653558
75 32 4.6511793
75 32 0.96667916
75 33 -8.753262
75 33 -1.1625422
75 34 7.0623302
75 34 -1.649679
75 35 8.680132
75 35 1.5159135
76 27 -7.9451103
76 27 0.9857015
76 28 9.435697
76 28 -2.4677985
76 29 -9.166611
76 29 0.4831938
76 30 3.7075117
76 30 -2.8301654
76 31 9.696397
76 31 1.0653558
76 32 -5.5986657
76 32 0.96667916
76 33 -7.760801
76 33 -1.1625422
76 34 -3.8060682
76 34 -1.649679
76 35 -4.305693
76 35 1.5159135
77 27 -0.72697604
77 27 0.9857015
77 28 6.2963085
77 28 -2.4677985
77 29 6.581444
77 29 0.4831938
77 30 4.6102476
77 30 -2.8301654
77 31 -0.63294685
77 31 1.0653558
77 32 -9.540845
77 32 0.96667916
77 33 -6.0183406
77 33 -1.1625422
77 34 -11.260451
77 34 -1.649679
77 35 11.267512
77 35 1.5159135
78 27 8.779445
78 27 0.9857015
78 28 -4.5919485
78 28 -2.4677985
78 29 1.5821685
78 29 0.4831938
78 30 6.0559373
78 30 -2.8301654
78 31 7.8060174
78 31 1.0653558
78 32 -8.593525
78 32 0.96667916
78 33 -6.5432363
78 33 -1.1625422
78 34 -7.707871
78 34 -1.649679
78 35 -9.703446
78 35 1.5159135
79 27 7.7220984
79 27 0.9857015
79 28 8.231351
79 28 -2.4677985
79 29 8.141335
79 29 0.4831938
79 30 -10.258042
79 30 -2.8301654
79 31 6.7624006
79 31 1.0653558
79 32 -2.9788969
79 32 0.96667916
79 33 -7.9432235
79 33 -1.1625422
79 34 -7.9837976
79 34 -1.649679
79 35 -8.71996
79 35 1.5159135
80 27 8.111282
80 27 0.9857015
80 28 7.8030677
80 28 -2.4677985
80 29 8.819448
80 29 0.4831938
80 30 -7.3345137
80 30 -2.8301654
80 31 -10.689352
80 31 1.0653558
80 32 5.082475
80 32 0.96667916
80 33 10.363384
80 33 -1.1625422
80 34 -10.729341
80 34 -1.649679
80 35 -7.036671
80 35 1.5159135
81 27 -7.4319396
81 27 0.9857015
81 28 5.350492
81 28 -2.4677985
81 29 -11.799945
81 29 0.4831938
81 30 4.928701
81 30 -2.8301654
81 31 0.74875253
81 31 1.0653558
81 32 -9.803248
81 32 0.96667916
81 33 9.407092
81 33 -1.1625422
81 34 8.631816
81 34 -1.649679
81 35 8.04035
81 35 1.5159135
82 27 -8.656076
82 27 0.9857015
82 28 7.4666257
82 28 -2.4677985
82 29 9.29669
82 29 0.4831938
82 30 8.058526
82 30 -2.8301654
82 31 -6.926359
82 31 1.0653558
82 32 -7.353903
82 32 0.96667916
82 33 -9.460501
82 33 -1.1625422
82 34 6.0317984
82 34 -1.649679
82 35 -7.7553363
82 35 1.5159135
83 27 1.8465273
83 27 0.9857015
83 28 -6.39498
83 28 -2.4677985
83 29 -4.623913
83 29 0.4831938
83 30 -12.284563
83 30 -2.8301654
83 31 7.851352
83 31 1.0653558
83 32 -2.2385817
83 32 0.96667916
83 33 1.4488788
83 33 -1.1625422
83 34 9.364025
83 34 -1.649679
83 35 2.5821233
83 35 1.5159135
84 27 -9.82541
84 27 0.9857015
84 28 -2.5841851
84 28 -2.4677985
84 29 7.6818857
84 29 0.4831938
84 30 -0.72998875
84 30 -2.8301654
84 31 8.008904
84 31 1.0653558
84 32 -7.236496
84 32 0.96667916
84 33 7.498613
84 33 -1.1625422
84 34 -4.0857096
84 34 -1.649679
84 35 -6.580407
84 35 1.5159135
85 27 7.0972705
85 27 0.9857015
85 28 -9.479738
85 28 -2.4677985
85 29 -11.560026
85 29 0.4831938
85 30 7.5392385
85 30 -2.8301654
85 31 4.953611
85 31 1.0653558
85 32 -6.9382153
85 32 0.96667916
85 33 5.843144
85 33 -1.1625422
85 34 -6.9223466
85 34 -1.649679
85 35 4.089631
85 35 1.5159135
86 27 9.530226
86 27 0.9857015
86 28 6.5751925
86 28 -2.4677985
86 29 -5.511216
86 29 0.4831938
86 30 4.628351
86 30 -2.8301654
86 31 -6.388059
86 31 1.0653558
86 32 10.0819845
86 32 0.96667916
86 33 -9.993434
86 33 -1.1625422
86 34 -9.536673
86 34 -1.649679
86 35 -9.169003
86 35 1.5159135
87 27 -7.8477845
87 27 0.9857015
87 28 -6.7401104
87 28 -2.4677985
87 29 2.4936924
87 29 0.4831938
87 30 6.828814
87 30 -2.8301654
87 31 -9.464229
87 31 1.0653558
87 32 3.6323721
87 32 0.96667916
87 33 -12.60691
87 33 -1.1625422
87 34 10.952402
87 34 -1.649679
87 35 10.478635
87 35 1.5159135
88 27 -10.257568
88 27 0.9857015
88 28 4.474323
88 28 -2.4677985
88 29 7.1529827
88 29 0.4831938
88 30 7.47891
88 30 -2.8301654
88 31 -10.849726
88 31 1.0653558
88 32 3.7262855
88 32 0.96667916
88 33 9.370452
88 33 -1.1625422
88 34 2.3421142
88 34 -1.649679
88 35 -7.6932635
88 35 1.5159135
89 27 -10.602149
89 27 0.9857015
89 28 -2.3856578
89 28 -2.4677985
89 29 -9.528257
89 29 0.4831938
89 30 -2.3161435
89 30 -2.8301654
89 31 0.08539303
89 31 1.0653558
89 32 8.118797
89 32 0.96667916
89 33 5.769823
89 33 -1.1625422
89 34 4.207108
89 34 -1.649679
89 35 7.16561
89 35 1.5159135
