36 37 38 39 40 41 42 43 44 45 46 47 48 49 50 51 52 53 54 55 56 57 58 59 60 61 62 63 64 65 66 67 68 69 70 71 72 73 74 75 76 77 78 79 80 81 82 83 84 85 86 87 88 89
0 36 0.850223
36 36 -2.0379555
0 37 -2.7980776
37 37 -1.856176
0 38 1.3809962
38 38 -3.4429548
0 39 -0.84874606
39 39 -2.9293022
0 40 0.81334496
40 40 -1.0104828
0 41 0.11643998
41 41 -3.1344116
0 42 1.5268829
42 42 0.94347936
0 43 -7.580017
43 43 -0.7033055
0 44 5.420686
44 44 -0.5735247
0 45 -1.4785417
45 45 0.38412178
0 46 -0.5312394
46 46 0.44674262
0 47 -0.5182539
47 47 0.68793356
0 48 2.187614
48 48 1.9609994
0 49 -1.043976
49 49 -0.15529642
0 50 3.5634181
50 50 0.45983666
0 51 0.31984726
51 51 0.87928414
0 52 -1.0381626
52 52 -0.3742877
0 53 0.16809341
53 53 1.9513928
1 36 -2.2809343
36 36 -2.0379555
1 37 -10.251514
37 37 -1.856176
1 38 5.643647
38 38 -3.4429548
1 39 4.068823
39 39 -2.9293022
1 40 -1.8648535
40 40 -1.0104828
1 41 -2.3229377
41 41 -3.1344116
1 42 4.442987
42 42 0.94347936
1 43 10.058837
43 43 -0.7033055
1 44 -8.775091
44 44 -0.5735247
1 45 3.8251915
45 45 0.38412178
1 46 -0.61915576
46 46 0.44674262
1 47 1.3811182
47 47 0.68793356
1 48 4.450814
48 48 1.9609994
1 49 3.5779185
49 49 -0.15529642
1 50 -2.9540458
50 50 0.45983666
1 51 -1.0954139
51 51 0.87928414
1 52 -3.8412027
52 52 -0.3742877
1 53 -4.119497
53 53 1.9513928
2 36 -2.1156344
36 36 -2.0379555
2 37 6.3035445
37 37 -1.856176
2 38 -11.276963
38 38 -3.4429548
2 39 -1.8462936
39 39 -2.9293022
2 40 -1.2789541
40 40 -1.0104828
2 41 1.4223033
41 41 -3.1344116
2 42 -2.0008407
42 42 0.94347936
2 43 3.706312
43 43 -0.7033055
2 44 0.2665137
44 44 -0.5735247
2 45 0.10177978
45 45 0.38412178
2 46 1.1298395
46 46 0.44674262
2 47 -0.8621061
47 47 0.68793356
2 48 -1.3357205
48 48 1.9609994
2 49 -1.9682597
49 49 -0.15529642
2 50 -1.1410618
50 50 0.45983666
2 51 -0.118843295
51 51 0.87928414
2 52 3.6636798
52 52 -0.3742877
2 53 2.9751334
53 53 1.9513928
3 36 -3.0413148
36 36 -2.0379555
3 37 -1.366187
37 37 -1.856176
3 38 -2.1433067
38 38 -3.4429548
3 39 -0.51287353
39 39 -2.9293022
3 40 -0.8579038
40 40 -1.0104828
3 41 -0.08794885
41 41 -3.1344116
3 42 0.4308514
42 42 0.94347936
3 43 -1.2121311
43 43 -0.7033055
3 44 5.261097
44 44 -0.5735247
3 45 1.7307808
45 45 0.38412178
3 46 0.25485808
46 46 0.44674262
3 47 -2.1562295
47 47 0.68793356
3 48 1.5682905
48 48 1.9609994
3 49 0.26911092
49 49 -0.15529642
3 50 -0.9848828
50 50 0.45983666
3 51 0.9444677
51 51 0.87928414
3 52 -0.68710965
52 52 -0.3742877
3 53 0.93543655
53 53 1.9513928
4 36 0.28258052
36 36 -2.0379555
4 37 -7.014102
37 37 -1.856176
4 38 5.4393086
38 38 -3.4429548
4 39 2.1288226
39 39 -2.9293022
4 40 1.3291478
40 40 -1.0104828
4 41 -2.0782068
41 41 -3.1344116
4 42 0.76200885
42 42 0.94347936
4 43 -2.570053
43 43 -0.7033055
4 44 -5.3101926
44 44 -0.5735247
4 45 -0.20531847
45 45 0.38412178
4 46 1.3295803
46 46 0.44674262
4 47 0.26571813
47 47 0.68793356
4 48 -3.8023055
48 48 1.9609994
4 49 -1.6999623
49 49 -0.15529642
4 50 2.0954459
50 50 0.45983666
4 51 -0.10485272
51 51 0.87928414
4 52 1.2528557
52 52 -0.3742877
4 53 -2.2143848
53 53 1.9513928
5 36 -0.56779677
36 36 -2.0379555
5 37 8.521047
37 37 -1.856176
5 38 -10.368243
38 38 -3.4429548
5 39 -3.4836416
39 39 -2.9293022
5 40 -1.8184946
40 40 -1.0104828
5 41 1.3699712
41 41 -3.1344116
5 42 -0.17559847
42 42 0.94347936
5 43 1.1043237
43 43 -0.7033055
5 44 3.823511
44 44 -0.5735247
5 45 -1.0363958
45 45 0.38412178
5 46 -1.0630696
46 46 0.44674262
5 47 2.0418313
47 47 0.68793356
5 48 14.369757
48 48 1.9609994
5 49 1.5091966
49 49 -0.15529642
5 50 -0.25575078
50 50 0.45983666
5 51 0.17929523
51 51 0.87928414
5 52 -1.5506686
52 52 -0.3742877
5 53 3.3428206
53 53 1.9513928
6 36 -2.2492247
36 36 -2.0379555
6 37 -1.3143088
37 37 -1.856176
6 38 -1.7855873
38 38 -3.4429548
6 39 2.8698585
39 39 -2.9293022
6 40 -0.57780653
40 40 -1.0104828
6 41 -0.12880379
41 41 -3.1344116
6 42 -0.022971405
42 42 0.94347936
6 43 -0.29163498
43 43 -0.7033055
6 44 3.946918
44 44 -0.5735247
6 45 -0.299818
45 45 0.38412178
6 46 0.49514818
46 46 0.44674262
6 47 0.3007065
47 47 0.68793356
6 48 -1.5671579
48 48 1.9609994
6 49 -0.7510657
49 49 -0.15529642
6 50 0.37739646
50 50 0.45983666
6 51 -0.10404197
51 51 0.87928414
6 52 8.036259
52 52 -0.3742877
6 53 3.5231576
53 53 1.9513928
7 36 1.7288805
36 36 -2.0379555
7 37 -6.4471374
37 37 -1.856176
7 38 5.368165
38 38 -3.4429548
7 39 -5.5160275
39 39 -2.9293022
7 40 1.381012
40 40 -1.0104828
7 41 1.8003175
41 41 -3.1344116
7 42 1.0284778
42 42 0.94347936
7 43 -2.3042037
43 43 -0.7033055
7 44 -9.605886
44 44 -0.5735247
7 45 -0.28238878
45 45 0.38412178
7 46 0.73853654
46 46 0.44674262
7 47 -1.7092636
47 47 0.68793356
7 48 8.6772
48 48 1.9609994
7 49 0.3657491
49 49 -0.15529642
7 50 -2.1299825
50 50 0.45983666
7 51 2.2012203
51 51 0.87928414
7 52 -0.27674344
52 52 -0.3742877
7 53 3.3188736
53 53 1.9513928
8 36 1.1089906
36 36 -2.0379555
8 37 4.8429585
37 37 -1.856176
8 38 -7.9103355
38 38 -3.4429548
8 39 -0.47231042
39 39 -2.9293022
8 40 -1.4396926
40 40 -1.0104828
8 41 -3.253501
41 41 -3.1344116
8 42 -0.17745109
42 42 0.94347936
8 43 1.6579099
43 43 -0.7033055
8 44 2.1878247
44 44 -0.5735247
8 45 2.33659
45 45 0.38412178
8 46 -0.8263776
46 46 0.44674262
8 47 0.32272762
47 47 0.68793356
8 48 -3.787995
48 48 1.9609994
8 49 0.44700038
49 49 -0.15529642
8 50 1.2202165
50 50 0.45983666
8 51 -0.33128563
51 51 0.87928414
8 52 -9.380702
52 52 -0.3742877
8 53 -7.0114865
53 53 1.9513928
9 36 -2.5112152
36 36 -2.0379555
9 37 -0.3298612
37 37 -1.856176
9 38 -1.7625891
38 38 -3.4429548
9 39 -1.5637033
39 39 -2.9293022
9 40 2.2904282
40 40 -1.0104828
9 41 -0.5104303
41 41 -3.1344116
9 42 -0.16445062
42 42 0.94347936
9 43 0.30829614
43 43 -0.7033055
9 44 -0.54757327
44 44 -0.5735247
9 45 1.671349
45 45 0.38412178
9 46 -0.29190245
46 46 0.44674262
9 47 0.031624895
47 47 0.68793356
9 48 0.94227505
48 48 1.9609994
9 49 -0.22075428
49 49 -0.15529642
9 50 -5.520574
50 50 0.45983666
9 51 -0.9687457
51 51 0.87928414
9 52 0.2165687
52 52 -0.3742877
9 53 2.085662
53 53 1.9513928
10 36 2.6444526
36 36 -2.0379555
10 37 7.4691906
37 37 -1.856176
10 38 -5.53434
38 38 -3.4429548
10 39 -1.1305864
39 39 -2.9293022
10 40 -9.224606
40 40 -1.0104828
10 41 -3.1557198
41 41 -3.1344116
10 42 1.3625674
42 42 0.94347936
10 43 -2.6053076
43 43 -0.7033055
10 44 3.5906527
44 44 -0.5735247
10 45 -1.6604849
45 45 0.38412178
10 46 -0.3909893
46 46 0.44674262
10 47 1.0860386
47 47 0.68793356
10 48 3.7655802
48 48 1.9609994
10 49 1.84355
49 49 -0.15529642
10 50 4.4502735
50 50 0.45983666
10 51 1.0400306
51 51 0.87928414
10 52 -4.080544
52 52 -0.3742877
10 53 -4.5180078
53 53 1.9513928
11 36 -5.251675
36 36 -2.0379555
11 37 -10.222675
37 37 -1.856176
11 38 2.2488256
38 38 -3.4429548
11 39 -1.3135875
39 39 -2.9293022
11 40 1.2873602
40 40 -1.0104828
11 41 0.081333295
41 41 -3.1344116
11 42 0.19228423
42 42 0.94347936
11 43 1.4120479
43 43 -0.7033055
11 44 -4.5913863
44 44 -0.5735247
11 45 0.28401086
45 45 0.38412178
11 46 1.1939025
46 46 0.44674262
11 47 -0.8486755
47 47 0.68793356
11 48 -1.7297102
48 48 1.9609994
11 49 -1.8314489
49 49 -0.15529642
11 50 3.6584954
50 50 0.45983666
11 51 2.2722213
51 51 0.87928414
11 52 2.97595
52 52 -0.3742877
11 53 5.389783
53 53 1.9513928
12 36 -0.91941214
36 36 -2.0379555
12 37 0.60405606
37 37 -1.856176
12 38 -3.2709975
38 38 -3.4429548
12 39 0.08196733
39 39 -2.9293022
12 40 0.21235608
40 40 -1.0104828
12 41 0.67083853
41 41 -3.1344116
12 42 -0.22449039
42 42 0.94347936
12 43 -8.043256
43 43 -0.7033055
12 44 -0.30258784
44 44 -0.5735247
12 45 -2.8923917
45 45 0.38412178
12 46 1.4306906
46 46 0.44674262
12 47 0.8715223
47 47 0.68793356
12 48 2.1390555
48 48 1.9609994
12 49 -0.22766931
49 49 -0.15529642
12 50 -1.8623208
50 50 0.45983666
12 51 0.5100304
51 51 0.87928414
12 52 -1.2849765
52 52 -0.3742877
12 53 -7.376387
53 53 1.9513928
13 36 4.168558
36 36 -2.0379555
13 37 7.4657235
37 37 -1.856176
13 38 -5.2387238
38 38 -3.4429548
13 39 -2.37284
39 39 -2.9293022
13 40 2.9395273
40 40 -1.0104828
13 41 -3.1043377
41 41 -3.1344116
13 42 2.8732922
42 42 0.94347936
13 43 7.3113675
43 43 -0.7033055
13 44 5.0878325
44 44 -0.5735247
13 45 4.397455
45 45 0.38412178
13 46 -0.29889092
46 46 0.44674262
13 47 -0.15357466
47 47 0.68793356
13 48 -5.4039464
48 48 1.9609994
13 49 -2.3103952
49 49 -0.15529642
13 50 3.7135916
50 50 0.45983666
13 51 -2.5096343
51 51 0.87928414
13 52 8.939814
52 52 -0.3742877
13 53 12.176566
53 53 1.9513928
14 36 -5.8442903
36 36 -2.0379555
14 37 -13.628517
37 37 -1.856176
14 38 4.1584144
38 38 -3.4429548
14 39 3.6488945
39 39 -2.9293022
14 40 -2.850663
40 40 -1.0104828
14 41 2.7425623
41 41 -3.1344116
14 42 -2.7132096
42 42 0.94347936
14 43 -3.5511494
43 43 -0.7033055
14 44 -3.1792498
44 44 -0.5735247
14 45 1.366663
45 45 0.38412178
14 46 -1.2347313
46 46 0.44674262
14 47 -1.1594067
47 47 0.68793356
14 48 8.676498
48 48 1.9609994
14 49 2.5220273
49 49 -0.15529642
14 50 0.10522425
50 50 0.45983666
14 51 1.063215
51 51 0.87928414
14 52 -4.3212895
52 52 -0.3742877
14 53 3.2134757
53 53 1.9513928
15 36 4.2200108
36 36 -2.0379555
15 37 0.34422156
37 37 -1.856176
15 38 -1.6074588
38 38 -3.4429548
15 39 -2.4014199
39 39 -2.9293022
15 40 -1.5838174
40 40 -1.0104828
15 41 -0.99659085
41 41 -3.1344116
15 42 0.7464595
42 42 0.94347936
15 43 -0.14529566
43 43 -0.7033055
15 44 -2.200456
44 44 -0.5735247
15 45 1.6399648
45 45 0.38412178
15 46 0.5077304
46 46 0.44674262
15 47 -0.00423513
47 47 0.68793356
15 48 0.43928283
48 48 1.9609994
15 49 -1.5171292
49 49 -0.15529642
15 50 2.461899
50 50 0.45983666
15 51 -0.6022279
51 51 0.87928414
15 52 -1.0413606
52 52 -0.3742877
15 53 2.5946422
53 53 1.9513928
16 36 -11.891241
36 36 -2.0379555
16 37 6.339192
37 37 -1.856176
16 38 -6.0486126
38 38 -3.4429548
16 39 -1.1403112
39 39 -2.9293022
16 40 1.0317093
40 40 -1.0104828
16 41 2.6220014
41 41 -3.1344116
16 42 0.5750359
42 42 0.94347936
16 43 -2.2700949
43 43 -0.7033055
16 44 3.395437
44 44 -0.5735247
16 45 -1.6746253
45 45 0.38412178
16 46 0.35545993
46 46 0.44674262
16 47 -0.22601135
47 47 0.68793356
16 48 3.5450072
48 48 1.9609994
16 49 -0.112898245
49 49 -0.15529642
16 50 -2.1265957
50 50 0.45983666
16 51 0.97602063
51 51 0.87928414
16 52 0.08006165
52 52 -0.3742877
16 53 -0.3451293
53 53 1.9513928
17 36 1.8116584
36 36 -2.0379555
17 37 -9.495278
37 37 -1.856176
17 38 2.2928004
38 38 -3.4429548
17 39 -0.68289465
39 39 -2.9293022
17 40 -3.3686407
40 40 -1.0104828
17 41 -4.81619
41 41 -3.1344116
17 42 0.7695916
42 42 0.94347936
17 43 1.7890314
43 43 -0.7033055
17 44 -2.8857057
44 44 -0.5735247
17 45 1.7491002
45 45 0.38412178
17 46 -0.96493435
46 46 0.44674262
17 47 0.20830205
47 47 0.68793356
17 48 -2.2720413
48 48 1.9609994
17 49 1.4725107
49 49 -0.15529642
17 50 1.0272199
50 50 0.45983666
17 51 -0.986736
51 51 0.87928414
17 52 1.3467511
52 52 -0.3742877
17 53 3.7317972
53 53 1.9513928
18 36 -0.43841338
36 36 -2.0379555
18 37 -7.751358
37 37 -1.856176
18 38 -0.40933213
38 38 -3.4429548
18 39 -2.6423726
39 39 -2.9293022
18 40 0.7240252
40 40 -1.0104828
18 41 -0.13161385
41 41 -3.1344116
18 42 -0.33280525
42 42 0.94347936
18 43 0.6280452
43 43 -0.7033055
18 44 -3.0516145
44 44 -0.5735247
18 45 4.3282814
45 45 0.38412178
18 46 -0.5631913
46 46 0.44674262
18 47 -0.81299984
47 47 0.68793356
18 48 2.0804696
48 48 1.9609994
18 49 -1.2705096
49 49 -0.15529642
18 50 6.5227833
50 50 0.45983666
18 51 0.5000597
51 51 0.87928414
18 52 0.6404984
52 52 -0.3742877
18 53 -8.964759
53 53 1.9513928
19 36 -3.3114245
36 36 -2.0379555
19 37 8.363096
37 37 -1.856176
19 38 -5.303292
38 38 -3.4429548
19 39 -0.82823265
39 39 -2.9293022
19 40 -2.9354568
40 40 -1.0104828
19 41 -1.7872413
41 41 -3.1344116
19 42 -0.463076
42 42 0.94347936
19 43 -3.0863366
43 43 -0.7033055
19 44 4.737093
44 44 -0.5735247
19 45 -1.4903016
45 45 0.38412178
19 46 -0.8300413
46 46 0.44674262
19 47 2.5387099
47 47 0.68793356
19 48 5.918009
48 48 1.9609994
19 49 3.4369545
49 49 -0.15529642
19 50 -0.81655675
50 50 0.45983666
19 51 -1.1836678
51 51 0.87928414
19 52 -8.741365
52 52 -0.3742877
19 53 15.477588
53 53 1.9513928
20 36 0.94298506
36 36 -2.0379555
20 37 -0.7372625
37 37 -1.856176
20 38 3.8534641
38 38 -3.4429548
20 39 0.9850968
39 39 -2.9293022
20 40 1.8159398
40 40 -1.0104828
20 41 2.1159036
41 41 -3.1344116
20 42 1.5119898
42 42 0.94347936
20 43 1.5164027
43 43 -0.7033055
20 44 -3.827002
44 44 -0.5735247
20 45 -1.2858881
45 45 0.38412178
20 46 2.0257816
46 46 0.44674262
20 47 -0.4768144
47 47 0.68793356
20 48 -2.8055067
48 48 1.9609994
20 49 -0.6275246
49 49 -0.15529642
20 50 -3.3787432
50 50 0.45983666
20 51 0.2379689
51 51 0.87928414
20 52 8.682449
52 52 -0.3742877
20 53 5.748514
53 53 1.9513928
21 36 -0.9494344
36 36 -2.0379555
21 37 0.1570591
37 37 -1.856176
21 38 -0.59142137
38 38 -3.4429548
21 39 -1.6097362
39 39 -2.9293022
21 40 -0.19739845
40 40 -1.0104828
21 41 -1.7127937
41 41 -3.1344116
21 42 -0.040536113
42 42 0.94347936
21 43 -0.37923735
43 43 -0.7033055
21 44 0.2672166
44 44 -0.5735247
21 45 1.7635393
45 45 0.38412178
21 46 0.0766289
46 46 0.44674262
21 47 2.075198
47 47 0.68793356
21 48 3.0948637
48 48 1.9609994
21 49 -1.0436543
49 49 -0.15529642
21 50 -1.052087
50 50 0.45983666
21 51 0.77978176
51 51 0.87928414
21 52 -1.2007216
52 52 -0.3742877
21 53 1.6769739
53 53 1.9513928
22 36 -2.5689616
36 36 -2.0379555
22 37 -13.40756
37 37 -1.856176
22 38 -5.6792936
38 38 -3.4429548
22 39 -0.26557317
39 39 -2.9293022
22 40 0.23577844
40 40 -1.0104828
22 41 -4.044267
41 41 -3.1344116
22 42 -0.24937323
42 42 0.94347936
22 43 -2.4277532
43 43 -0.7033055
22 44 -0.48454925
44 44 -0.5735247
22 45 -1.7867683
45 45 0.38412178
22 46 0.48148167
46 46 0.44674262
22 47 -0.9002939
47 47 0.68793356
22 48 -7.0073843
48 48 1.9609994
22 49 -2.2247884
49 49 -0.15529642
22 50 1.8044208
50 50 0.45983666
22 51 -1.2522664
51 51 0.87928414
22 52 1.5204579
52 52 -0.3742877
22 53 -0.7197731
53 53 1.9513928
23 36 0.8190237
36 36 -2.0379555
23 37 7.747021
37 37 -1.856176
23 38 0.5105382
38 38 -3.4429548
23 39 -2.2883062
39 39 -2.9293022
23 40 -1.0106094
40 40 -1.0104828
23 41 -0.18665269
41 41 -3.1344116
23 42 2.6968644
42 42 0.94347936
23 43 2.077352
43 43 -0.7033055
23 44 -1.2603308
44 44 -0.5735247
23 45 0.4345028
45 45 0.38412178
23 46 -0.55715555
46 46 0.44674262
23 47 -0.7602681
47 47 0.68793356
23 48 7.480266
48 48 1.9609994
23 49 4.1798406
49 49 -0.15529642
23 50 0.2618418
50 50 0.45983666
23 51 -0.081967585
51 51 0.87928414
23 52 0.5383506
52 52 -0.3742877
23 53 3.1345348
53 53 1.9513928
24 36 -0.44541177
36 36 -2.0379555
24 37 -9.477206
37 37 -1.856176
24 38 -0.76376206
38 38 -3.4429548
24 39 -1.2130809
39 39 -2.9293022
24 40 -0.2580026
40 40 -1.0104828
24 41 -0.34444943
41 41 -3.1344116
24 42 -1.1653123
42 42 0.94347936
24 43 0.7442366
43 43 -0.7033055
24 44 -1.2505281
44 44 -0.5735247
24 45 -0.4170682
45 45 0.38412178
24 46 0.08665197
46 46 0.44674262
24 47 0.4728596
47 47 0.68793356
24 48 0.9284187
48 48 1.9609994
24 49 5.532291
49 49 -0.15529642
24 50 1.086624
50 50 0.45983666
24 51 -1.7495672
51 51 0.87928414
24 52 -2.6211896
52 52 -0.3742877
24 53 1.7711729
53 53 1.9513928
25 36 -2.7070305
36 36 -2.0379555
25 37 5.9187646
37 37 -1.856176
25 38 -5.307502
38 38 -3.4429548
25 39 0.4744676
39 39 -2.9293022
25 40 0.27245006
40 40 -1.0104828
25 41 2.6455197
41 41 -3.1344116
25 42 -2.7252657
42 42 0.94347936
25 43 -5.792526
43 43 -0.7033055
25 44 3.1721716
44 44 -0.5735247
25 45 1.2241213
45 45 0.38412178
25 46 0.5699267
46 46 0.44674262
25 47 -0.49204856
47 47 0.68793356
25 48 4.6286774
48 48 1.9609994
25 49 -6.0319085
49 49 -0.15529642
25 50 -1.6940932
50 50 0.45983666
25 51 2.2469544
51 51 0.87928414
25 52 -0.33848011
52 52 -0.3742877
25 53 -1.2738683
53 53 1.9513928
26 36 0.7680897
36 36 -2.0379555
26 37 -1.0518054
37 37 -1.856176
26 38 4.0735273
38 38 -3.4429548
26 39 -1.2063141
39 39 -2.9293022
26 40 -1.1477758
40 40 -1.0104828
26 41 -1.977901
41 41 -3.1344116
26 42 11.612746
42 42 0.94347936
26 43 3.4515197
43 43 -0.7033055
26 44 -2.2995574
44 44 -0.5735247
26 45 0.037333682
45 45 0.38412178
26 46 -0.59968346
46 46 0.44674262
26 47 0.057621665
47 47 0.68793356
26 48 -3.0561912
48 48 1.9609994
26 49 -4.4647636
49 49 -0.15529642
26 50 1.4509937
50 50 0.45983666
26 51 -1.7329522
51 51 0.87928414
26 52 1.902804
52 52 -0.3742877
26 53 2.7186975
53 53 1.9513928
36 54 -3.939924
54 54 5.4267373
36 55 8.337203
55 55 -11.91597
36 56 5.8047028
56 56 -6.5233407
36 57 -10.755361
57 57 2.2227695
36 58 21.128696
58 58 0.077420495
36 59 -8.8503475
59 59 -5.0586467
36 60 0.3447166
60 60 4.149281
36 61 1.5099195
61 61 -2.5539699
36 62 1.9536849
62 62 -1.0273931
36 63 9.429425
63 63 10.374667
36 64 6.142168
64 64 -1.1502954
36 65 -11.2813
65 65 -0.79529697
36 66 2.759696
66 66 3.552689
36 67 4.2604694
67 67 -14.336631
36 68 -4.5068603
68 68 0.22613287
36 69 -1.0562341
69 69 1.419044
36 70 4.037416
70 70 -5.2260094
36 71 3.8628545
71 71 5.7785916
37 54 -1.0223645
54 54 5.4267373
37 55 1.6890024
55 55 -11.91597
37 56 -11.661229
56 56 -6.5233407
37 57 2.3413835
57 57 2.2227695
37 58 -7.055069
58 58 0.077420495
37 59 4.6636906
59 59 -5.0586467
37 60 -5.7627945
60 60 4.149281
37 61 28.8661
61 61 -2.5539699
37 62 -10.7193775
62 62 -1.0273931
37 63 3.5001047
63 63 10.374667
37 64 5.693372
64 64 -1.1502954
37 65 3.067088
65 65 -0.79529697
37 66 7.559553
66 66 3.552689
37 67 -18.243996
67 67 -14.336631
37 68 -1.8686777
68 68 0.22613287
37 69 0.52474385
69 69 1.419044
37 70 -5.561876
70 70 -5.2260094
37 71 -1.9950846
71 71 5.7785916
38 54 -11.330751
54 54 5.4267373
38 55 15.426085
55 55 -11.91597
38 56 -18.769558
56 56 -6.5233407
38 57 -18.6756
57 57 2.2227695
38 58 -11.107101
58 58 0.077420495
38 59 -11.2930565
59 59 -5.0586467
38 60 2.652091
60 60 4.149281
38 61 2.1349988
61 61 -2.5539699
38 62 12.950877
62 62 -1.0273931
38 63 -6.4425178
63 63 10.374667
38 64 -3.095764
64 64 -1.1502954
38 65 -32.672775
65 65 -0.79529697
38 66 -8.913464
66 66 3.552689
38 67 -18.455412
67 67 -14.336631
38 68 -10.774767
68 68 0.22613287
38 69 -1.9461968
69 69 1.419044
38 70 -4.3404527
70 70 -5.2260094
38 71 -2.1225722
71 71 5.7785916
39 54 -4.5730166
54 54 5.4267373
39 55 -14.843767
55 55 -11.91597
39 56 -2.6359465
56 56 -6.5233407
39 57 -7.877641
57 57 2.2227695
39 58 -11.415313
58 58 0.077420495
39 59 5.433554
59 59 -5.0586467
39 60 0.2637946
60 60 4.149281
39 61 -0.63462335
61 61 -2.5539699
39 62 -15.2631645
62 62 -1.0273931
39 63 -17.308144
63 63 10.374667
39 64 -4.1987348
64 64 -1.1502954
39 65 -6.7203417
65 65 -0.79529697
39 66 29.26096
66 66 3.552689
39 67 -10.82654
67 67 -14.336631
39 68 -7.1189113
68 68 0.22613287
39 69 -7.38064
69 69 1.419044
39 70 -3.099378
70 70 -5.2260094
39 71 9.1387825
71 71 5.7785916
40 54 18.28396
54 54 5.4267373
40 55 15.756974
55 55 -11.91597
40 56 9.41444
56 56 -6.5233407
40 57 -8.391613
57 57 2.2227695
40 58 4.7362037
58 58 0.077420495
40 59 16.918459
59 59 -5.0586467
40 60 -9.040946
60 60 4.149281
40 61 -3.6671157
61 61 -2.5539699
40 62 -6.5500226
62 62 -1.0273931
40 63 8.619855
63 63 10.374667
40 64 -5.081584
64 64 -1.1502954
40 65 -7.0656905
65 65 -0.79529697
40 66 5.059596
66 66 3.552689
40 67 5.1217227
67 67 -14.336631
40 68 -5.6614714
68 68 0.22613287
40 69 9.991454
69 69 1.419044
40 70 2.0119722
70 70 -5.2260094
40 71 14.804358
71 71 5.7785916
41 54 -18.438698
54 54 5.4267373
41 55 -9.490469
55 55 -11.91597
41 56 -17.761208
56 56 -6.5233407
41 57 -11.931635
57 57 2.2227695
41 58 -0.8794002
58 58 0.077420495
41 59 -11.655229
59 59 -5.0586467
41 60 9.578671
60 60 4.149281
41 61 11.912822
61 61 -2.5539699
41 62 -4.88339
62 62 -1.0273931
41 63 -17.756834
63 63 10.374667
41 64 -5.7566032
64 64 -1.1502954
41 65 -11.229104
65 65 -0.79529697
41 66 7.0877295
66 66 3.552689
41 67 8.406715
67 67 -14.336631
41 68 -15.718803
68 68 0.22613287
41 69 -20.102173
69 69 1.419044
41 70 -9.373515
70 70 -5.2260094
41 71 16.98829
71 71 5.7785916
42 54 -6.285453
54 54 5.4267373
42 55 4.202884
55 55 -11.91597
42 56 -16.075787
56 56 -6.5233407
42 57 9.678704
57 57 2.2227695
42 58 3.1799426
58 58 0.077420495
42 59 2.299304
59 59 -5.0586467
42 60 -4.2466297
60 60 4.149281
42 61 9.447507
61 61 -2.5539699
42 62 5.090578
62 62 -1.0273931
42 63 -2.360884
63 63 10.374667
42 64 3.0683565
64 64 -1.1502954
42 65 10.516898
65 65 -0.79529697
42 66 -1.441408
66 66 3.552689
42 67 -7.7675614
67 67 -14.336631
42 68 3.484455
68 68 0.22613287
42 69 3.0495524
69 69 1.419044
42 70 -4.5206614
70 70 -5.2260094
42 71 -2.8356576
71 71 5.7785916
43 54 -1.8311692
54 54 5.4267373
43 55 -28.087286
55 55 -11.91597
43 56 12.279936
56 56 -6.5233407
43 57 -6.959894
57 57 2.2227695
43 58 -4.4432845
58 58 0.077420495
43 59 -1.6085844
59 59 -5.0586467
43 60 4.221577
60 60 4.149281
43 61 1.8811183
61 61 -2.5539699
43 62 6.0947127
62 62 -1.0273931
43 63 -4.0197563
63 63 10.374667
43 64 0.5951986
64 64 -1.1502954
43 65 -7.0497513
65 65 -0.79529697
43 66 -6.878991
66 66 3.552689
43 67 -1.653959
67 67 -14.336631
43 68 -6.1799603
68 68 0.22613287
43 69 -2.5231485
69 69 1.419044
43 70 2.714078
70 70 -5.2260094
43 71 2.441788
71 71 5.7785916
44 54 4.084533
54 54 5.4267373
44 55 4.8340044
55 55 -11.91597
44 56 -2.122679
56 56 -6.5233407
44 57 -7.5570626
57 57 2.2227695
44 58 -7.071456
58 58 0.077420495
44 59 -4.676613
59 59 -5.0586467
44 60 3.4438953
60 60 4.149281
44 61 1.8499677
61 61 -2.5539699
44 62 6.4261026
62 62 -1.0273931
44 63 -12.652454
63 63 10.374667
44 64 -6.4035335
64 64 -1.1502954
44 65 -7.440278
65 65 -0.79529697
44 66 -4.7109494
66 66 3.552689
44 67 -6.033905
67 67 -14.336631
44 68 -4.5122066
68 68 0.22613287
44 69 0.2664604
69 69 1.419044
44 70 1.9517287
70 70 -5.2260094
44 71 -6.136055
71 71 5.7785916
45 54 10.20149
54 54 5.4267373
45 55 -3.4650218
55 55 -11.91597
45 56 3.6107967
56 56 -6.5233407
45 57 -6.112348
57 57 2.2227695
45 58 2.1516955
58 58 0.077420495
45 59 0.44546935
59 59 -5.0586467
45 60 -5.3545747
60 60 4.149281
45 61 -1.0245625
61 61 -2.5539699
45 62 8.009849
62 62 -1.0273931
45 63 1.9889171
63 63 10.374667
45 64 4.8381233
64 64 -1.1502954
45 65 -5.3537636
65 65 -0.79529697
45 66 -4.2750683
66 66 3.552689
45 67 -1.9185282
67 67 -14.336631
45 68 -4.7086387
68 68 0.22613287
45 69 4.529907
69 69 1.419044
45 70 -1.312773
70 70 -5.2260094
45 71 -2.3548243
71 71 5.7785916
46 54 -9.220289
54 54 5.4267373
46 55 -15.270297
55 55 -11.91597
46 56 -13.750176
56 56 -6.5233407
46 57 10.852666
57 57 2.2227695
46 58 1.8176546
58 58 0.077420495
46 59 -10.32751
59 59 -5.0586467
46 60 3.6122694
60 60 4.149281
46 61 6.3497143
61 61 -2.5539699
46 62 -6.317852
62 62 -1.0273931
46 63 2.3951123
63 63 10.374667
46 64 8.908607
64 64 -1.1502954
46 65 11.122761
65 65 -0.79529697
46 66 -7.878934
66 66 3.552689
46 67 7.6796546
67 67 -14.336631
46 68 10.795948
68 68 0.22613287
46 69 -0.7261811
69 69 1.419044
46 70 -0.22279117
70 70 -5.2260094
46 71 3.5089333
71 71 5.7785916
47 54 1.9818668
54 54 5.4267373
47 55 0.29458234
55 55 -11.91597
47 56 -4.793011
56 56 -6.5233407
47 57 4.182338
57 57 2.2227695
47 58 0.50578356
58 58 0.077420495
47 59 -1.0459106
59 59 -5.0586467
47 60 6.62046
60 60 4.149281
47 61 1.9202669
61 61 -2.5539699
47 62 -21.090393
62 62 -1.0273931
47 63 -4.712889
63 63 10.374667
47 64 -6.5064216
64 64 -1.1502954
47 65 4.806571
65 65 -0.79529697
47 66 19.727568
66 66 3.552689
47 67 -0.38333014
67 67 -14.336631
47 68 3.098816
68 68 0.22613287
47 69 -3.9288816
69 69 1.419044
47 70 9.910595
70 70 -5.2260094
47 71 6.1295395
71 71 5.7785916
48 54 -7.758223
54 54 5.4267373
48 55 2.222353
55 55 -11.91597
48 56 11.644466
56 56 -6.5233407
48 57 -7.2413096
57 57 2.2227695
48 58 0.02220361
58 58 0.077420495
48 59 5.4573736
59 59 -5.0586467
48 60 -4.7367835
60 60 4.149281
48 61 -1.6221678
61 61 -2.5539699
48 62 -15.795409
62 62 -1.0273931
48 63 1.3927153
63 63 10.374667
48 64 0.4584789
64 64 -1.1502954
48 65 -7.5455146
65 65 -0.79529697
48 66 10.149473
66 66 3.552689
48 67 5.2050486
67 67 -14.336631
48 68 -7.085204
68 68 0.22613287
48 69 -4.078141
69 69 1.419044
48 70 -7.9331913
70 70 -5.2260094
48 71 -0.5739036
71 71 5.7785916
49 54 1.9950008
54 54 5.4267373
49 55 -2.5928144
55 55 -11.91597
49 56 -0.8161891
56 56 -6.5233407
49 57 1.2916191
57 57 2.2227695
49 58 -4.2775216
58 58 0.077420495
49 59 -0.2835897
59 59 -5.0586467
49 60 0.8576666
60 60 4.149281
49 61 -0.6333267
61 61 -2.5539699
49 62 2.462665
62 62 -1.0273931
49 63 4.132922
63 63 10.374667
49 64 -7.8841133
64 64 -1.1502954
49 65 2.0338361
65 65 -0.79529697
49 66 -3.5476017
66 66 3.552689
49 67 15.689901
67 67 -14.336631
49 68 -2.964179
68 68 0.22613287
49 69 1.7022978
69 69 1.419044
49 70 -3.805845
70 70 -5.2260094
49 71 -3.0746608
71 71 5.7785916
50 54 -7.4067774
54 54 5.4267373
50 55 2.8201072
55 55 -11.91597
50 56 5.2732897
56 56 -6.5233407
50 57 -6.0138683
57 57 2.2227695
50 58 2.3892307
58 58 0.077420495
50 59 -6.3514743
59 59 -5.0586467
50 60 -3.2853012
60 60 4.149281
50 61 4.506126
61 61 -2.5539699
50 62 -8.5251665
62 62 -1.0273931
50 63 -1.1040545
63 63 10.374667
50 64 -1.3056551
64 64 -1.1502954
50 65 -5.0673075
65 65 -0.79529697
50 66 -0.10986843
66 66 3.552689
50 67 4.636048
67 67 -14.336631
50 68 -10.203301
68 68 0.22613287
50 69 -3.5908647
69 69 1.419044
50 70 -4.001568
70 70 -5.2260094
50 71 0.3214571
71 71 5.7785916
51 54 7.3673296
54 54 5.4267373
51 55 1.7801896
55 55 -11.91597
51 56 9.95006
56 56 -6.5233407
51 57 6.30394
57 57 2.2227695
51 58 4.5532546
58 58 0.077420495
51 59 -5.8319936
59 59 -5.0586467
51 60 0.6021967
60 60 4.149281
51 61 2.993738
61 61 -2.5539699
51 62 6.9113526
62 62 -1.0273931
51 63 2.4527416
63 63 10.374667
51 64 3.2953095
64 64 -1.1502954
51 65 6.2511554
65 65 -0.79529697
51 66 3.497923
66 66 3.552689
51 67 -10.33454
67 67 -14.336631
51 68 6.9830446
68 68 0.22613287
51 69 5.019634
69 69 1.419044
51 70 8.889734
70 70 -5.2260094
51 71 -1.0058752
71 71 5.7785916
52 54 -3.3941917
54 54 5.4267373
52 55 -0.26190105
55 55 -11.91597
52 56 7.7203083
56 56 -6.5233407
52 57 -3.0967753
57 57 2.2227695
52 58 -6.9334946
58 58 0.077420495
52 59 -3.68989
59 59 -5.0586467
52 60 6.679048
60 60 4.149281
52 61 0.09359409
61 61 -2.5539699
52 62 -2.358769
62 62 -1.0273931
52 63 -10.841297
63 63 10.374667
52 64 -10.918019
64 64 -1.1502954
52 65 -3.1627808
65 65 -0.79529697
52 66 5.737711
66 66 3.552689
52 67 -2.7030337
67 67 -14.336631
52 68 1.3807788
68 68 0.22613287
52 69 -7.889299
69 69 1.419044
52 70 -4.713114
70 70 -5.2260094
52 71 5.4568076
71 71 5.7785916
53 54 2.9276626
54 54 5.4267373
53 55 5.8661137
55 55 -11.91597
53 56 -15.020181
56 56 -6.5233407
53 57 -7.837764
57 57 2.2227695
53 58 2.4492152
58 58 0.077420495
53 59 4.5728593
59 59 -5.0586467
53 60 -1.6026351
60 60 4.149281
53 61 -9.901505
61 61 -2.5539699
53 62 4.6466637
62 62 -1.0273931
53 63 8.238727
63 63 10.374667
53 64 2.8652124
64 64 -1.1502954
53 65 -7.638775
65 65 -0.79529697
53 66 1.056113
66 66 3.552689
53 67 2.9110734
67 67 -14.336631
53 68 -2.339598
68 68 0.22613287
53 69 1.8901755
69 69 1.419044
53 70 6.762053
70 70 -5.2260094
53 71 -0.39685693
71 71 5.7785916
54 72 -2.4779203
72 72 2.2828584
54 73 -0.9597728
73 73 -0.10173873
54 74 0.48783064
74 74 -0.3217731
54 75 -4.935579
75 75 0.7602611
54 76 -1.7043308
76 76 0.7815831
54 77 1.835689
77 77 1.7268265
54 78 1.4595083
78 78 -3.8823013
54 79 -9.474545
79 79 2.6433187
54 80 -6.286964
80 80 1.1591276
54 81 -1.3997421
81 81 0.5446927
54 82 -2.6240816
82 82 1.4434025
54 83 5.421938
83 83 -1.2821436
54 84 7.6406674
84 84 -6.8342843
54 85 -0.023744626
85 85 0.27808344
54 86 -17.820957
86 86 -1.599597
54 87 1.3681567
87 87 1.8451222
54 88 1.1821536
88 88 1.6492497
54 89 -3.2563589
89 89 1.3618197
55 72 -9.906362
72 72 2.2828584
55 73 6.307624
73 73 -0.10173873
55 74 -8.084161
74 74 -0.3217731
55 75 18.094433
75 75 0.7602611
55 76 -12.026173
76 76 0.7815831
55 77 -36.24322
77 77 1.7268265
55 78 -10.380296
78 78 -3.8823013
55 79 -27.244598
79 79 2.6433187
55 80 27.440638
80 80 1.1591276
55 81 -9.595394
81 81 0.5446927
55 82 -16.089825
82 82 1.4434025
55 83 -35.267048
83 83 -1.2821436
55 84 -21.633022
84 84 -6.8342843
55 85 8.572728
85 85 0.27808344
55 86 -28.9095
86 86 -1.599597
55 87 -6.3836517
87 87 1.8451222
55 88 -8.847373
88 88 1.6492497
55 89 -30.128708
89 89 1.3618197
56 72 -5.453121
72 72 2.2828584
56 73 16.693798
73 73 -0.10173873
56 74 -10.824534
74 74 -0.3217731
56 75 -31.174734
75 75 0.7602611
56 76 -9.256599
76 76 0.7815831
56 77 19.213694
77 77 1.7268265
56 78 35.773815
78 78 -3.8823013
56 79 -23.485592
79 79 2.6433187
56 80 28.724714
80 80 1.1591276
56 81 5.7738385
81 81 0.5446927
56 82 -14.295368
82 82 1.4434025
56 83 23.245323
83 83 -1.2821436
56 84 -33.515823
84 84 -6.8342843
56 85 10.734006
85 85 0.27808344
56 86 -39.563538
86 86 -1.599597
56 87 -5.8830385
87 87 1.8451222
56 88 -8.636158
88 88 1.6492497
56 89 35.506737
89 89 1.3618197
57 72 7.236804
72 72 2.2828584
57 73 -13.323511
73 73 -0.10173873
57 74 -7.451376
74 74 -0.3217731
57 75 -11.824912
75 75 0.7602611
57 76 -1.4584111
76 76 0.7815831
57 77 27.08755
77 77 1.7268265
57 78 23.51975
78 78 -3.8823013
57 79 -37.44643
79 79 2.6433187
57 80 -25.352423
80 80 1.1591276
57 81 10.302693
81 81 0.5446927
57 82 -18.390581
82 82 1.4434025
57 83 22.117666
83 83 -1.2821436
57 84 -20.144312
84 84 -6.8342843
57 85 6.0843277
85 85 0.27808344
57 86 -9.381051
86 86 -1.599597
57 87 -7.0388894
87 87 1.8451222
57 88 14.19552
88 88 1.6492497
57 89 -27.37531
89 89 1.3618197
58 72 -2.895547
72 72 2.2828584
58 73 -1.9561561
73 73 -0.10173873
58 74 0.8247626
74 74 -0.3217731
58 75 5.7392387
75 75 0.7602611
58 76 0.06006379
76 76 0.7815831
58 77 -2.7510407
77 77 1.7268265
58 78 -2.1498384
78 78 -3.8823013
58 79 -11.41014
79 79 2.6433187
58 80 -0.46981856
80 80 1.1591276
58 81 2.2788289
81 81 0.5446927
58 82 -5.41983
82 82 1.4434025
58 83 0.65585876
83 83 -1.2821436
58 84 -13.532408
84 84 -6.8342843
58 85 -1.0486792
85 85 0.27808344
58 86 12.254299
86 86 -1.599597
58 87 -2.3003116
87 87 1.8451222
58 88 -2.2693274
88 88 1.6492497
58 89 11.072702
89 89 1.3618197
59 72 6.221053
72 72 2.2828584
59 73 5.1453915
73 73 -0.10173873
59 74 2.73265
74 74 -0.3217731
59 75 -1.4000651
75 75 0.7602611
59 76 -2.8702004
76 76 0.7815831
59 77 5.486875
77 77 1.7268265
59 78 -10.508845
78 78 -3.8823013
59 79 -14.670436
79 79 2.6433187
59 80 17.794083
80 80 1.1591276
59 81 -1.4636649
81 81 0.5446927
59 82 14.873841
82 82 1.4434025
59 83 12.269388
83 83 -1.2821436
59 84 -19.52046
84 84 -6.8342843
59 85 2.7335532
85 85 0.27808344
59 86 -5.6778665
86 86 -1.599597
59 87 2.990402
87 87 1.8451222
59 88 -4.650555
88 88 1.6492497
59 89 -13.576005
89 89 1.3618197
60 72 1.0457326
72 72 2.2828584
60 73 -0.5976516
73 73 -0.10173873
60 74 1.9172314
74 74 -0.3217731
60 75 -1.0077834
75 75 0.7602611
60 76 -0.0073902826
76 76 0.7815831
60 77 5.329592
77 77 1.7268265
60 78 -4.2941084
78 78 -3.8823013
60 79 3.9884799
79 79 2.6433187
60 80 8.474289
80 80 1.1591276
60 81 0.64995426
81 81 0.5446927
60 82 3.2653189
82 82 1.4434025
60 83 10.70181
83 83 -1.2821436
60 84 7.5740647
84 84 -6.8342843
60 85 -2.2335782
85 85 0.27808344
60 86 -11.890089
86 86 -1.599597
60 87 -1.0579053
87 87 1.8451222
60 88 0.8183293
88 88 1.6492497
60 89 -10.626446
89 89 1.3618197
61 72 -3.7861392
72 72 2.2828584
61 73 4.6954856
73 73 -0.10173873
61 74 -0.19362278
74 74 -0.3217731
61 75 7.870867
75 75 0.7602611
61 76 2.5420766
76 76 0.7815831
61 77 4.2520328
77 77 1.7268265
61 78 -1.987604
78 78 -3.8823013
61 79 13.079769
79 79 2.6433187
61 80 -1.7048944
80 80 1.1591276
61 81 1.6036968
81 81 0.5446927
61 82 -2.7528079
82 82 1.4434025
61 83 -1.0988078
83 83 -1.2821436
61 84 4.365278
84 84 -6.8342843
61 85 -1.6055744
85 85 0.27808344
61 86 -0.78191143
86 86 -1.599597
61 87 -3.3819335
87 87 1.8451222
61 88 1.5265993
88 88 1.6492497
61 89 -6.2145557
89 89 1.3618197
62 72 -3.8575687
72 72 2.2828584
62 73 1.0041047
73 73 -0.10173873
62 74 2.5256789
74 74 -0.3217731
62 75 -11.903638
75 75 0.7602611
62 76 3.7719011
76 76 0.7815831
62 77 10.86262
77 77 1.7268265
62 78 -5.0232143
78 78 -3.8823013
62 79 -19.509329
79 79 2.6433187
62 80 8.236343
80 80 1.1591276
62 81 -5.0139146
81 81 0.5446927
62 82 -11.697803
82 82 1.4434025
62 83 15.396063
83 83 -1.2821436
62 84 18.567526
84 84 -6.8342843
62 85 -0.72391635
85 85 0.27808344
62 86 -35.146484
86 86 -1.599597
62 87 5.5527706
87 87 1.8451222
62 88 3.3530784
88 88 1.6492497
62 89 -15.878728
89 89 1.3618197
63 72 -5.454082
72 72 2.2828584
63 73 1.6894192
73 73 -0.10173873
63 74 0.3476806
74 74 -0.3217731
63 75 -4.7921834
75 75 0.7602611
63 76 -0.19043563
76 76 0.7815831
63 77 0.64832026
77 77 1.7268265
63 78 2.7858698
78 78 -3.8823013
63 79 -14.451678
79 79 2.6433187
63 80 -6.037848
80 80 1.1591276
63 81 -2.7474148
81 81 0.5446927
63 82 -8.080835
82 82 1.4434025
63 83 -5.7113037
83 83 -1.2821436
63 84 9.112092
84 84 -6.8342843
63 85 0.17602468
85 85 0.27808344
63 86 15.6452465
86 86 -1.599597
63 87 2.2637773
87 87 1.8451222
63 88 -2.2468355
88 88 1.6492497
63 89 14.790333
89 89 1.3618197
64 72 -2.4411986
72 72 2.2828584
64 73 -1.8265767
73 73 -0.10173873
64 74 1.6207043
74 74 -0.3217731
64 75 -0.942494
75 75 0.7602611
64 76 1.9979428
76 76 0.7815831
64 77 10.075061
77 77 1.7268265
64 78 -2.0722704
78 78 -3.8823013
64 79 -6.2301283
79 79 2.6433187
64 80 11.308061
80 80 1.1591276
64 81 0.46448815
81 81 0.5446927
64 82 -4.376247
82 82 1.4434025
64 83 17.487175
83 83 -1.2821436
64 84 13.281793
84 84 -6.8342843
64 85 -1.780753
85 85 0.27808344
64 86 7.2850204
86 86 -1.599597
64 87 -0.66953194
87 87 1.8451222
64 88 -1.1734227
88 88 1.6492497
64 89 1.1994652
89 89 1.3618197
65 72 8.015053
72 72 2.2828584
65 73 -13.294184
73 73 -0.10173873
65 74 -9.540965
74 74 -0.3217731
65 75 -23.594437
75 75 0.7602611
65 76 -3.8737097
76 76 0.7815831
65 77 9.52642
77 77 1.7268265
65 78 20.667007
78 78 -3.8823013
65 79 8.869591
79 79 2.6433187
65 80 -27.239527
80 80 1.1591276
65 81 -23.089146
81 81 0.5446927
65 82 1.6663843
82 82 1.4434025
65 83 26.02755
83 83 -1.2821436
65 84 -9.85149
84 84 -6.8342843
65 85 7.4697723
85 85 0.27808344
65 86 -6.9355226
86 86 -1.599597
65 87 -3.103597
87 87 1.8451222
65 88 -2.3630557
88 88 1.6492497
65 89 -26.864178
89 89 1.3618197
66 72 4.1190634
72 72 2.2828584
66 73 -3.0604262
73 73 -0.10173873
66 74 0.24683729
74 74 -0.3217731
66 75 3.6621625
75 75 0.7602611
66 76 -1.3136663
76 76 0.7815831
66 77 0.54559666
77 77 1.7268265
66 78 -2.091785
78 78 -3.8823013
66 79 4.938535
79 79 2.6433187
66 80 -1.1327258
80 80 1.1591276
66 81 0.83375597
81 81 0.5446927
66 82 5.0534515
82 82 1.4434025
66 83 -0.6767248
83 83 -1.2821436
66 84 -16.230124
84 84 -6.8342843
66 85 0.718476
85 85 0.27808344
66 86 0.68094856
86 86 -1.599597
66 87 -0.810651
87 87 1.8451222
66 88 0.37930614
88 88 1.6492497
66 89 2.710775
89 89 1.3618197
67 72 -7.4190483
72 72 2.2828584
67 73 12.7101965
73 73 -0.10173873
67 74 -9.870528
74 74 -0.3217731
67 75 15.027539
75 75 0.7602611
67 76 -4.9928045
76 76 0.7815831
67 77 7.42687
77 77 1.7268265
67 78 -10.674138
78 78 -3.8823013
67 79 -17.600151
79 79 2.6433187
67 80 -23.234447
80 80 1.1591276
67 81 -3.4400122
81 81 0.5446927
67 82 -10.105921
82 82 1.4434025
67 83 7.029616
83 83 -1.2821436
67 84 -30.898676
84 84 -6.8342843
67 85 7.560223
85 85 0.27808344
67 86 -23.520786
86 86 -1.599597
67 87 -3.3898127
87 87 1.8451222
67 88 6.1719794
88 88 1.6492497
67 89 26.436129
89 89 1.3618197
68 72 4.9909964
72 72 2.2828584
68 73 -8.334903
73 73 -0.10173873
68 74 5.7938824
74 74 -0.3217731
68 75 -10.389026
75 75 0.7602611
68 76 -5.3400826
76 76 0.7815831
68 77 9.9895
77 77 1.7268265
68 78 3.007345
78 78 -3.8823013
68 79 -18.166887
79 79 2.6433187
68 80 -5.139073
80 80 1.1591276
68 81 -8.5976095
81 81 0.5446927
68 82 -0.4708018
82 82 1.4434025
68 83 12.00294
83 83 -1.2821436
68 84 -21.09294
84 84 -6.8342843
68 85 5.567484
85 85 0.27808344
68 86 -17.100504
86 86 -1.599597
68 87 4.5169783
87 87 1.8451222
68 88 -1.6514343
88 88 1.6492497
68 89 0.69025785
89 89 1.3618197
69 72 3.1257021
72 72 2.2828584
69 73 1.6201181
73 73 -0.10173873
69 74 0.0913881
74 74 -0.3217731
69 75 -4.4781218
75 75 0.7602611
69 76 -0.3807081
76 76 0.7815831
69 77 -1.6846383
77 77 1.7268265
69 78 -0.55644625
78 78 -3.8823013
69 79 -2.8730924
79 79 2.6433187
69 80 6.493244
80 80 1.1591276
69 81 -0.91900766
81 81 0.5446927
69 82 3.1604953
82 82 1.4434025
69 83 -5.081464
83 83 -1.2821436
69 84 3.9106748
84 84 -6.8342843
69 85 0.5213591
85 85 0.27808344
69 86 -6.461389
86 86 -1.599597
69 87 1.613407
87 87 1.8451222
69 88 1.147386
88 88 1.6492497
69 89 -12.5301
89 89 1.3618197
70 72 -5.0147467
72 72 2.2828584
70 73 -1.4570247
73 73 -0.10173873
70 74 1.3707379
74 74 -0.3217731
70 75 12.78255
75 75 0.7602611
70 76 -6.055858
76 76 0.7815831
70 77 11.052176
77 77 1.7268265
70 78 -3.4093928
78 78 -3.8823013
70 79 -7.614672
79 79 2.6433187
70 80 5.4561696
80 80 1.1591276
70 81 -7.812803
81 81 0.5446927
70 82 -8.955727
82 82 1.4434025
70 83 8.327702
83 83 -1.2821436
70 84 -23.9697
84 84 -6.8342843
70 85 -1.1499552
85 85 0.27808344
70 86 -18.89951
86 86 -1.599597
70 87 -5.1903567
87 87 1.8451222
70 88 -4.93544
88 88 1.6492497
70 89 -13.304433
89 89 1.3618197
71 72 2.8301961
72 72 2.2828584
71 73 -3.6393287
73 73 -0.10173873
71 74 1.1096648
74 74 -0.3217731
71 75 -2.8394687
75 75 0.7602611
71 76 0.23885614
76 76 0.7815831
71 77 4.021166
77 77 1.7268265
71 78 -1.7349957
78 78 -3.8823013
71 79 -2.1648357
79 79 2.6433187
71 80 6.878975
80 80 1.1591276
71 81 0.74774283
81 81 0.5446927
71 82 5.0339684
82 82 1.4434025
71 83 7.7476473
83 83 -1.2821436
71 84 -7.3231034
84 84 -6.8342843
71 85 -1.2672172
85 85 0.27808344
71 86 -8.746546
86 86 -1.599597
71 87 -0.4352849
87 87 1.8451222
71 88 -0.6553389
88 88 1.6492497
71 89 -6.7391787
89 89 1.3618197
72 27 -1.5713369
27 27 4.506216
72 28 -4.213315
28 28 -2.4271712
72 29 2.3910227
29 29 -1.8070437
72 30 2.743356
30 30 -0.007309284
72 31 7.2120433
31 31 1.4765223
72 32 -3.087756
32 32 -1.9475473
72 33 -1.2856265
33 33 -2.6724184
72 34 -3.8825507
34 34 -0.27346975
72 35 -7.6672697
35 35 -3.5529377
73 27 5.35887
27 27 4.506216
73 28 1.1028361
28 28 -2.4271712
73 29 -1.6438837
29 29 -1.8070437
73 30 -1.5787978
30 30 -0.007309284
73 31 -5.1488023
31 31 1.4765223
73 32 -2.583806
32 32 -1.9475473
73 33 0.5790055
33 33 -2.6724184
73 34 -3.3734975
34 34 -0.27346975
73 35 6.5297246
35 35 -3.5529377
74 27 -4.9202566
27 27 4.506216
74 28 2.1489105
28 28 -2.4271712
74 29 0.74598366
29 29 -1.8070437
74 30 3.547386
30 30 -0.007309284
74 31 -3.0992148
31 31 1.4765223
74 32 2.583474
32 32 -1.9475473
74 33 -4.003427
33 33 -2.6724184
74 34 5.1422634
34 34 -0.27346975
74 35 -2.2086039
35 35 -3.5529377
75 27 3.5606654
27 27 4.506216
75 28 -4.754237
28 28 -2.4271712
75 29 1.3507237
29 29 -1.8070437
75 30 -9.669524
30 30 -0.007309284
75 31 -2.5993207
31 31 1.4765223
75 32 1.4983377
32 32 -1.9475473
75 33 -4.491104
33 33 -2.6724184
75 34 4.969642
34 34 -0.27346975
75 35 2.823899
35 35 -3.5529377
76 27 -2.0100348
27 27 4.506216
76 28 3.50162
28 28 -2.4271712
76 29 2.3262818
29 29 -1.8070437
76 30 -7.6615796
30 30 -0.007309284
76 31 -1.6761416
31 31 1.4765223
76 32 6.362106
32 32 -1.9475473
76 33 -3.201507
33 33 -2.6724184
76 34 -5.758258
34 34 -0.27346975
76 35 -3.6245656
35 35 -3.5529377
77 27 -6.025002
27 27 4.506216
77 28 -1.9073199
28 28 -2.4271712
77 29 -1.3108468
29 29 -1.8070437
77 30 0.55272937
30 30 -0.007309284
77 31 1.1907586
31 31 1.4765223
77 32 -1.1827224
32 32 -1.9475473
77 33 1.462158
33 33 -2.6724184
77 34 5.8678446
34 34 -0.27346975
77 35 4.858559
35 35 -3.5529377
78 27 -3.0968819
27 27 4.506216
78 28 -1.601552
28 28 -2.4271712
78 29 -1.8891584
29 29 -1.8070437
78 30 -6.2349744
30 30 -0.007309284
78 31 3.467956
31 31 1.4765223
78 32 -3.667932
32 32 -1.9475473
78 33 3.3080678
33 33 -2.6724184
78 34 -1.5303633
34 34 -0.27346975
78 35 -2.3306022
35 35 -3.5529377
79 27 -0.79519373
27 27 4.506216
79 28 -2.8294277
28 28 -2.4271712
79 29 4.4752026
29 29 -1.8070437
79 30 -3.1946323
30 30 -0.007309284
79 31 -0.7312849
31 31 1.4765223
79 32 -5.8257146
32 32 -1.9475473
79 33 -0.9718567
33 33 -2.6724184
79 34 -3.6620188
34 34 -0.27346975
79 35 -1.8878499
35 35 -3.5529377
80 27 3.5642097
27 27 4.506216
80 28 1.851407
28 28 -2.4271712
80 29 0.33187315
29 29 -1.8070437
80 30 2.9495602
30 30 -0.007309284
80 31 -3.2615008
31 31 1.4765223
80 32 0.1643176
32 32 -1.9475473
80 33 4.26531
33 33 -2.6724184
80 34 2.577687
34 34 -0.27346975
80 35 -7.103448
35 35 -3.5529377
81 27 -5.4874268
27 27 4.506216
81 28 -2.8925977
28 28 -2.4271712
81 29 4.8079324
29 29 -1.8070437
81 30 -5.172217
30 30 -0.007309284
81 31 -10.656298
31 31 1.4765223
81 32 5.66726
32 32 -1.9475473
81 33 6.5291443
33 33 -2.6724184
81 34 -7.683461
34 34 -0.27346975
81 35 -3.1434004
35 35 -3.5529377
82 27 -1.0428797
27 27 4.506216
82 28 -3.9116783
28 28 -2.4271712
82 29 3.2495303
29 29 -1.8070437
82 30 4.683034
30 30 -0.007309284
82 31 -2.4427803
31 31 1.4765223
82 32 -3.8632693
32 32 -1.9475473
82 33 -1.3985317
33 33 -2.6724184
82 34 -5.114193
34 34 -0.27346975
82 35 -2.0402668
35 35 -3.5529377
83 27 -4.768264
27 27 4.506216
83 28 2.6418898
28 28 -2.4271712
83 29 -1.0140927
29 29 -1.8070437
83 30 2.2495055
30 30 -0.007309284
83 31 1.3291166
31 31 1.4765223
83 32 -0.45077997
32 32 -1.9475473
83 33 1.5984613
33 33 -2.6724184
83 34 5.2078967
34 34 -0.27346975
83 35 -2.0469842
35 35 -3.5529377
84 27 -1.3226781
27 27 4.506216
84 28 7.120176
28 28 -2.4271712
84 29 -3.1586564
29 29 -1.8070437
84 30 -8.2154255
30 30 -0.007309284
84 31 -2.4290798
31 31 1.4765223
84 32 -2.4011092
32 32 -1.9475473
84 33 -1.2536008
33 33 -2.6724184
84 34 -4.969318
34 34 -0.27346975
84 35 -5.031673
35 35 -3.5529377
85 27 5.220687
27 27 4.506216
85 28 -3.3341393
28 28 -2.4271712
85 29 -2.740035
29 29 -1.8070437
85 30 1.9155073
30 30 -0.007309284
85 31 2.211062
31 31 1.4765223
85 32 -3.9452045
32 32 -1.9475473
85 33 1.25671
33 33 -2.6724184
85 34 -4.938872
34 34 -0.27346975
85 35 -0.08949862
35 35 -3.5529377
86 27 -0.9093368
27 27 4.506216
86 28 -2.6716418
28 28 -2.4271712
86 29 -5.5759883
29 29 -1.8070437
86 30 -0.99164826
30 30 -0.007309284
86 31 1.0242835
31 31 1.4765223
86 32 5.574337
32 32 -1.9475473
86 33 -3.9946349
33 33 -2.6724184
86 34 -5.61192
34 34 -0.27346975
86 35 -0.27983373
35 35 -3.5529377
87 27 -1.9795494
27 27 4.506216
87 28 2.188983
28 28 -2.4271712
87 29 -4.255091
29 29 -1.8070437
87 30 10.643408
30 30 -0.007309284
87 31 -3.8719814
31 31 1.4765223
87 32 -3.8227222
32 32 -1.9475473
87 33 -2.9532647
33 33 -2.6724184
87 34 -7.1118083
34 34 -0.27346975
87 35 0.8837834
35 35 -3.5529377
88 27 -6.8060207
27 27 4.506216
88 28 5.039118
28 28 -2.4271712
88 29 2.198052
29 29 -1.8070437
88 30 -6.364819
30 30 -0.007309284
88 31 3.4591699
31 31 1.4765223
88 32 -6.276376
32 32 -1.9475473
88 33 -8.845854
33 33 -2.6724184
88 34 -6.700928
34 34 -0.27346975
88 35 9.207363
35 35 -3.5529377
89 27 -3.8111622
27 27 4.506216
89 28 -3.074477
28 28 -2.4271712
89 29 -3.2208056
29 29 -1.8070437
89 30 0.8413993
30 30 -0.007309284
89 31 -7.41328
31 31 1.4765223
89 32 3.8842065
32 32 -1.9475473
89 33 3.1442492
33 33 -2.6724184
89 34 -4.8874855
34 34 -0.27346975
89 35 4.0826583
35 35 -3.5529377
