36 37 38 39 40 41 42 43 44 45 46 47 48 49 50 51 52 53 54 55 56 57 58 59 60 61 62 63 64 65 66 67 68 69 70 71 72 73 74 75 76 77 78 79 80 81 82 83 84 85 86 87 88 89 
0 36 0.215832
0 37 -10.9629
0 38 2.97874
0 39 -0.577141
0 40 -2.22943
0 41 0.732422
0 42 1.94131
0 43 2.39836
0 44 2.02021
0 45 -0.203779
0 46 -4.35632
0 47 8.74187
0 48 0.490017
0 49 0.993617
0 50 -0.645676
0 51 -0.770838
0 52 -17.1855
0 53 -1.52473
1 36 -1.86638
1 37 5.53307
1 38 -4.61631
1 39 -2.35371
1 40 0.397857
1 41 -0.72807
1 42 1.91101
1 43 -8.33801
1 44 -5.53881
1 45 1.35539
1 46 16.4711
1 47 -10.3971
1 48 1.07369
1 49 -4.62906
1 50 5.37931
1 51 2.92459
1 52 9.61297
1 53 28.469
2 36 4.34472
2 37 -17.2434
2 38 2.29387
2 39 0.761287
2 40 -0.676474
2 41 0.927079
2 42 0.325882
2 43 15.3843
2 44 3.52729
2 45 -2.63818
2 46 31.0937
2 47 0.554404
2 48 -1.92625
2 49 0.908347
2 50 -19.4822
2 51 -1.46762
2 52 -29.5832
2 53 -1.06787
3 36 0.934619
3 37 -4.43654
3 38 0.254772
3 39 -0.778156
3 40 0.74045
3 41 0.364225
3 42 -9.85603
3 43 7.69943
3 44 -1.03356
3 45 -0.450977
3 46 -0.110119
3 47 4.57357
3 48 -1.13499
3 49 -0.211547
3 50 -1.79611
3 51 -2.55935
3 52 1.13652
3 53 9.53876
4 36 -3.39026
4 37 4.65522
4 38 5.90688
4 39 -0.434827
4 40 -1.42445
4 41 0.103445
4 42 7.08497
4 43 -8.16502
4 44 1.26106
4 45 2.29762
4 46 2.92311
4 47 8.75968
4 48 1.38027
4 49 -0.217266
4 50 -6.83576
4 51 -5.17033
4 52 4.83883
4 53 -12.5522
5 36 4.15956
5 37 -2.63421
5 38 -4.12304
5 39 -3.26971
5 40 2.09799
5 41 0.649847
5 42 -11.1913
5 43 15.5593
5 44 -1.14529
5 45 -2.9974
5 46 -4.06111
5 47 -2.39575
5 48 -2.56745
5 49 -0.310001
5 50 0.336716
5 51 25.0409
5 52 -0.338158
5 53 9.97793
6 36 2.98803
6 37 1.56856
6 38 -5.43953
6 39 -2.57037
6 40 -4.78997
6 41 -5.17726
6 42 -0.332667
6 43 3.34426
6 44 -0.0243807
6 45 -2.05056
6 46 -1.68621
6 47 22.0602
6 48 -0.100506
6 49 4.51042
6 50 0.138814
6 51 -0.323539
6 52 -1.62507
6 53 15.3562
7 36 -5.45567
7 37 -0.735604
7 38 -0.669243
7 39 -1.54547
7 40 23.0659
7 41 0.22175
7 42 -12.9564
7 43 -6.16717
7 44 -6.55452
7 45 15.7683
7 46 4.98333
7 47 -4.42019
7 48 -13.558
7 49 -0.539793
7 50 -4.36139
7 51 11.2934
7 52 -2.6768
7 53 -11.2822
8 36 1.90798
8 37 -6.39725
8 38 14.0577
8 39 0.882099
8 40 0.938251
8 41 -6.99855
8 42 1.12703
8 43 14.5054
8 44 0.647116
8 45 -31.5488
8 46 3.58932
8 47 22.4542
8 48 1.15843
8 49 -1.06203
8 50 -3.36604
8 51 -1.92117
8 52 -2.56861
8 53 11.6741
9 36 0.214452
9 37 -1.85756
9 38 1.34548
9 39 4.0792
9 40 -1.61211
9 41 0.182582
9 42 1.07694
9 43 3.4219
9 44 -2.36752
9 45 -0.259041
9 46 14.2159
9 47 4.56577
9 48 -0.319797
9 49 -0.330979
9 50 -1.33452
9 51 1.60248
9 52 6.86684
9 53 -1.3921
10 36 -3.07888
10 37 -1.3977
10 38 -4.56347
10 39 0.258439
10 40 3.07359
10 41 -2.35052
10 42 0.903047
10 43 6.2943
10 44 5.38895
10 45 -3.98098
10 46 -25.2562
10 47 14.8645
10 48 1.25716
10 49 0.0622268
10 50 -0.309226
10 51 2.29953
10 52 4.54389
10 53 3.68587
11 36 3.36705
11 37 0.62803
11 38 1.76065
11 39 -10.562
11 40 -2.34108
11 41 0.385718
11 42 -1.7303
11 43 -3.62872
11 44 -1.4631
11 45 -1.60243
11 46 7.17886
11 47 -2.23521
11 48 -1.831
11 49 -0.457311
11 50 0.404626
11 51 -0.437886
11 52 -19.8985
11 53 -0.896041
12 36 1.81177
12 37 -0.472745
12 38 0.363848
12 39 -14.6061
12 40 -3.31529
12 41 -4.67703
12 42 -1.97372
12 43 3.57115
12 44 -0.200711
12 45 -34.1088
12 46 5.44359
12 47 -1.92328
12 48 -0.34686
12 49 -1.2638
12 50 -10.6186
12 51 11.6757
12 52 1.5878
12 53 -4.73544
13 36 -0.889791
13 37 -2.72899
13 38 23.0883
13 39 5.73253
13 40 0.350046
13 41 18.2397
13 42 -1.60062
13 43 10.9969
13 44 3.46369
13 45 9.07888
13 46 13.2722
13 47 17.3493
13 48 -16.7912
13 49 -17.7664
13 50 7.3024
13 51 -9.97127
13 52 -9.02898
13 53 13.9479
14 36 -0.993628
14 37 -0.539433
14 38 -6.23395
14 39 -14.5852
14 40 -6.42336
14 41 -3.59139
14 42 1.89511
14 43 -2.3124
14 44 -6.92012
14 45 -36.9363
14 46 -2.47607
14 47 16.7419
14 48 2.54602
14 49 14.1717
14 50 -27.2523
14 51 12.4307
14 52 1.20655
14 53 -1.91434
15 36 1.21646
15 37 -0.570739
15 38 8.21448
15 39 -8.6579
15 40 2.89453
15 41 2.26149
15 42 -2.93545
15 43 -0.00955232
15 44 5.51936
15 45 -7.45156
15 46 -1.13809
15 47 -4.41754
15 48 -0.50833
15 49 -0.957303
15 50 -0.281245
15 51 2.468
15 52 -0.882045
15 53 3.60402
16 36 7.62973
16 37 -3.29557
16 38 -11.7137
16 39 6.1757
16 40 3.76011
16 41 4.09494
16 42 -2.5989
16 43 7.90219
16 44 3.88642
16 45 -6.46377
16 46 6.16221
16 47 25.9897
16 48 -4.7274
16 49 -0.441937
16 50 -9.07795
16 51 9.87026
16 52 -0.97291
16 53 3.04291
17 36 0.123737
17 37 0.0037146
17 38 9.37075
17 39 -6.45326
17 40 -0.783412
17 41 -3.16353
17 42 -1.16709
17 43 -5.20788
17 44 -2.67416
17 45 2.72525
17 46 1.00138
17 47 0.499704
17 48 0.740804
17 49 -1.1495
17 50 -0.479418
17 51 -1.21052
17 52 -2.39882
17 53 -6.9006
18 36 -0.831046
18 37 -0.383428
18 38 -24.8405
18 39 -0.607996
18 40 1.26851
18 41 2.19397
18 42 1.51803
18 43 -0.0709471
18 44 0.796161
18 45 -6.29093
18 46 31.9441
18 47 9.97514
18 48 1.32458
18 49 -0.373002
18 50 -0.757269
18 51 0.102007
18 52 -13.4514
18 53 -3.55326
19 36 -0.697333
19 37 -2.4781
19 38 19.5107
19 39 -4.61168
19 40 -5.05194
19 41 -5.83564
19 42 -5.7937
19 43 3.04146
19 44 -0.724259
19 45 20.6811
19 46 -10.4621
19 47 -25.4753
19 48 0.900985
19 49 0.997012
19 50 -6.09074
19 51 4.76416
19 52 9.17274
19 53 11.9855
20 36 3.26508
20 37 1.09123
20 38 -11.6143
20 39 0.728913
20 40 2.84284
20 41 2.40738
20 42 -0.104259
20 43 -3.6453
20 44 1.67937
20 45 -22.1104
20 46 24.973
20 47 6.51947
20 48 -20.0702
20 49 -0.57748
20 50 0.975016
20 51 -0.584233
20 52 -23.3108
20 53 -3.07528
21 36 -0.945646
21 37 -0.700816
21 38 2.90461
21 39 -1.74458
21 40 -0.342831
21 41 0.265058
21 42 -8.76346
21 43 2.49316
21 44 1.0902
21 45 -2.2374
21 46 2.12806
21 47 16.3787
21 48 -2.0254
21 49 0.0492316
21 50 -1.87233
21 51 16.0996
21 52 0.639505
21 53 -9.10715
22 36 -3.16027
22 37 -3.6853
22 38 5.07744
22 39 0.75719
22 40 3.54792
22 41 -1.16769
22 42 9.52309
22 43 9.5059
22 44 -4.32383
22 45 -0.202307
22 46 7.28171
22 47 -0.241965
22 48 6.41675
22 49 0.507085
22 50 -3.24483
22 51 -4.03035
22 52 -8.88223
22 53 6.23745
23 36 2.41781
23 37 0.914475
23 38 -1.11333
23 39 -3.30388
23 40 1.57021
23 41 0.2567
23 42 -5.89081
23 43 -6.77714
23 44 -0.486412
23 45 -4.25517
23 46 -3.52186
23 47 10.4506
23 48 -1.00951
23 49 -0.0267106
23 50 0.0341771
23 51 26.1898
23 52 -0.886687
23 53 9.61459
24 36 -0.608294
24 37 -0.633301
24 38 6.66016
24 39 0.539101
24 40 0.731093
24 41 -1.67533
24 42 -0.845487
24 43 1.4051
24 44 -4.25326
24 45 -1.16739
24 46 12.1052
24 47 27.7092
24 48 6.61528
24 49 -5.49821
24 50 -11.6642
24 51 -0.15637
24 52 1.26711
24 53 -1.07535
25 36 -1.33939
25 37 -7.45147
25 38 -7.69219
25 39 -2.58521
25 40 -4.86383
25 41 3.68747
25 42 -0.342276
25 43 9.38477
25 44 20.9153
25 45 -4.64033
25 46 19.7733
25 47 -8.13313
25 48 -1.20339
25 49 3.4083
25 50 12.677
25 51 13.0137
25 52 -1.72004
25 53 4.30536
26 36 3.99496
26 37 0.746169
26 38 11.2206
26 39 1.87963
26 40 2.34743
26 41 -1.53958
26 42 -3.53641
26 43 -4.20431
26 44 23.0124
26 45 -2.2037
26 46 -3.39866
26 47 37.0358
26 48 2.47472
26 49 -6.28773
26 50 -9.96215
26 51 -1.00836
26 52 -6.80755
26 53 -0.185005
27 27 1.63749
28 28 -2.28339
29 29 -0.411518
30 30 -2.10491
31 31 1.45053
32 32 1.79418
33 33 -1.51595
34 34 -1.08594
35 35 0.634507
36 36 0.428818
36 54 7.49497
36 55 3.2364
36 56 49.4111
36 57 -1.71138
36 58 7.11225
36 59 -0.285111
36 60 16.362
36 61 8.6993
36 62 10.6433
36 63 1.32376
36 64 33.0149
36 65 4.68953
36 66 -1.68162
36 67 41.9032
36 68 12.888
36 69 -4.35693
36 70 6.34807
36 71 -7.51019
37 37 -1.20568
37 54 -1.10309
37 55 -3.05716
37 56 14.7176
37 57 -5.68137
37 58 8.35491
37 59 -49.106
37 60 27.0601
37 61 -5.75451
37 62 -1.58696
37 63 -40.8801
37 64 -99.3711
37 65 4.10049
37 66 -0.606429
37 67 67.7681
37 68 4.74116
37 69 61.0666
37 70 15.3355
37 71 17.8234
38 38 0.773637
38 54 2.51402
38 55 3.29232
38 56 -5.74491
38 57 -7.23519
38 58 10.6972
38 59 -0.244958
38 60 -4.82
38 61 1.0814
38 62 -19.0299
38 63 0.884068
38 64 -17.3824
38 65 6.39608
38 66 -5.64381
38 67 8.86044
38 68 1.56743
38 69 -17.8653
38 70 3.43451
38 71 9.25644
39 39 -2.08835
39 54 0.868591
39 55 -2.45843
39 56 4.73649
39 57 -0.28403
39 58 -94.5853
39 59 -6.06787
39 60 37.9589
39 61 1.53376
39 62 12.8936
39 63 -36.0979
39 64 -14.7448
39 65 -1.66268
39 66 0.142902
39 67 138.37
39 68 9.7287
39 69 6.24121
39 70 3.41239
39 71 32.9018
40 40 -0.205241
40 54 16.1716
40 55 -8.02894
40 56 -1.56446
40 57 -4.40068
40 58 1.36452
40 59 4.96125
40 60 -2.18402
40 61 2.16756
40 62 -16.3544
40 63 4.28334
40 64 -0.729074
40 65 -5.66841
40 66 2.49724
40 67 13.5999
40 68 20.9375
40 69 -46.0895
40 70 5.08951
40 71 -7.47417
41 41 0.23102
41 54 8.6413
41 55 8.83403
41 56 21.557
41 57 -5.61982
41 58 6.10704
41 59 0.291092
41 60 -4.1122
41 61 2.74754
41 62 1.21239
41 63 6.63
41 64 -77.5212
41 65 3.48858
41 66 -6.66096
41 67 -10.262
41 68 -5.92992
41 69 6.09643
41 70 -4.59031
41 71 0.0357436
42 42 -1.22814
42 54 0.738243
42 55 1.0969
42 56 5.15342
42 57 1.68051
42 58 1.81239
42 59 0.446719
42 60 14.5454
42 61 -2.89092
42 62 -19.8145
42 63 -1.4221
42 64 55.7714
42 65 -8.56516
42 66 46.0848
42 67 43.212
42 68 101.438
42 69 6.25702
42 70 2.10273
42 71 -57.0796
43 43 2.21374
43 54 6.85689
43 55 2.70904
43 56 -1.11819
43 57 -5.63513
43 58 17.7253
43 59 -28.8755
43 60 -2.95652
43 61 18.0942
43 62 -5.93621
43 63 -29.5104
43 64 20.6066
43 65 -1.44594
43 66 -0.0837938
43 67 -23.1122
43 68 0.559771
43 69 -5.22048
43 70 -5.76758
43 71 7.75042
44 44 -0.128471
44 54 -2.06161
44 55 0.0825133
44 56 -0.713375
44 57 -2.62158
44 58 -28.1335
44 59 5.4327
44 60 5.14981
44 61 5.62875
44 62 -7.0547
44 63 11.0465
44 64 -3.00794
44 65 -4.62886
44 66 4.98957
44 67 13.5271
44 68 8.4464
44 69 2.07294
44 70 -5.96805
44 71 6.73801
45 45 -2.36607
45 54 10.2603
45 55 11.4164
45 56 -10.4525
45 57 -2.81273
45 58 -42.5953
45 59 -9.20633
45 60 51.4742
45 61 -4.56279
45 62 -15.0215
45 63 -8.02197
45 64 -2.44974
45 65 -11.5766
45 66 62.2275
45 67 66.8589
45 68 5.63154
45 69 44.6291
45 70 57.4772
45 71 -20.454
46 46 2.27477
46 54 -8.19338
46 55 -15.6876
46 56 -4.90874
46 57 -0.806998
46 58 11.9552
46 59 12.2332
46 60 -2.54118
46 61 2.13419
46 62 -4.6813
46 63 -29.4258
46 64 33.5303
46 65 14.2689
46 66 6.16872
46 67 -2.50786
46 68 -5.59469
46 69 -6.35222
46 70 1.07193
46 71 8.04417
47 47 2.68484
47 54 2.80157
47 55 -4.45808
47 56 0.0916326
47 57 -2.85862
47 58 -5.46367
47 59 -1.0925
47 60 -0.523521
47 61 2.39743
47 62 -9.83138
47 63 11.0529
47 64 -30.4535
47 65 5.1419
47 66 6.91555
47 67 1.24081
47 68 2.47033
47 69 -4.06507
47 70 5.04165
47 71 3.35109
48 48 -0.85934
48 54 -0.112095
48 55 -35.871
48 56 1.02373
48 57 1.13083
48 58 -2.10073
48 59 -24.9846
48 60 1.33522
48 61 6.85552
48 62 19.4938
48 63 1.81879
48 64 -36.5209
48 65 0.424053
48 66 3.99926
48 67 18.3745
48 68 5.95822
48 69 -38.4887
48 70 14.3745
48 71 -8.26931
49 49 -0.953811
49 54 13.4324
49 55 5.78628
49 56 -1.70404
49 57 2.1778
49 58 2.77643
49 59 -0.515259
49 60 4.35752
49 61 2.84379
49 62 5.34193
49 63 2.03101
49 64 -55.2816
49 65 0.0780509
49 66 -1.7339
49 67 26.0745
49 68 3.59766
49 69 13.5456
49 70 17.385
49 71 0.184591
50 50 -2.30145
50 54 32.9617
50 55 -72.6769
50 56 12.4025
50 57 1.29923
50 58 -146.645
50 59 -31.7556
50 60 12.7668
50 61 2.55554
50 62 -18.6365
50 63 52.5463
50 64 18.4462
50 65 1.99929
50 66 43.5989
50 67 55.9313
50 68 2.69103
50 69 -36.5227
50 70 84.5408
50 71 -101.646
51 51 3.20222
51 54 -0.738096
51 55 -8.82086
51 56 14.2969
51 57 -3.40433
51 58 -3.58763
51 59 -30.437
51 60 -1.59192
51 61 -0.0389293
51 62 -8.34376
51 63 11.0899
51 64 2.33235
51 65 4.25471
51 66 3.84172
51 67 -2.98796
51 68 0.186093
51 69 4.70718
51 70 -0.0333422
51 71 -17.7025
52 52 -1.88893
52 54 -0.580351
52 55 -2.40155
52 56 26.0849
52 57 13.2278
52 58 -55.9818
52 59 -6.72091
52 60 6.16849
52 61 -12.1863
52 62 1.94816
52 63 -10.305
52 64 -65.2476
52 65 6.01767
52 66 26.7738
52 67 -2.31842
52 68 7.00547
52 69 1.58809
52 70 12.377
52 71 25.0684
53 53 1.37845
53 54 14.0256
53 55 1.45777
53 56 -5.64727
53 57 -8.37447
53 58 -0.616705
53 59 38.2254
53 60 -2.18022
53 61 17.6054
53 62 -6.95985
53 63 -1.33645
53 64 -4.84162
53 65 0.841185
53 66 11.5464
53 67 7.60502
53 68 -3.39575
53 69 11.0291
53 70 -3.42539
53 71 -0.0110886
54 54 6.34697
54 72 -3.07495
54 73 5.86165
54 74 0.307762
54 75 -1.99487
54 76 1.64384
54 77 -4.13784
54 78 -0.444947
54 79 -2.63848
54 80 -5.15446
54 81 6.61344
54 82 -5.8226
54 83 5.95755
54 84 -4.28802
54 85 7.25778
54 86 2.99686
54 87 -3.04978
54 88 -2.91751
54 89 3.84071
55 55 -6.47332
55 72 2.22397
55 73 7.33711
55 74 10.3091
55 75 0.35452
55 76 -0.00443304
55 77 -0.0847924
55 78 -85.6531
55 79 -7.4034
55 80 -7.32847
55 81 -1.40555
55 82 -9.72658
55 83 -7.21798
55 84 -12.2155
55 85 -2.11001
55 86 5.97643
55 87 -137.959
55 88 -8.02967
55 89 -8.84615
56 56 12.3371
56 72 -2.58967
56 73 -1.62495
56 74 5.73143
56 75 -6.1849
56 76 -2.60213
56 77 -2.1028
56 78 -0.399063
56 79 -2.56941
56 80 6.01955
56 81 6.30005
56 82 -1.85293
56 83 3.72659
56 84 6.65741
56 85 9.53663
56 86 -5.32497
56 87 -13.0264
56 88 2.03426
56 89 0.847622
57 57 -2.06348
57 72 -0.514537
57 73 -1.47482
57 74 0.572598
57 75 0.904399
57 76 1.80723
57 77 -0.25158
57 78 17.443
57 79 -3.15854
57 80 -2.21243
57 81 2.06261
57 82 0.90656
57 83 -5.13373
57 84 -5.25184
57 85 5.10969
57 86 1.91767
57 87 22.9744
57 88 -1.25394
57 89 -2.85611
58 58 -29.5377
58 72 0.000600932
58 73 0.235997
58 74 -7.56645
58 75 -0.00181771
58 76 -0.000139352
58 77 -0.00680542
58 78 -10.8078
58 79 -0.0484823
58 80 1.43533
58 81 -0.0939956
58 82 0.349414
58 83 7.55682
58 84 -2.70701
58 85 -0.267321
58 86 -3.34375
58 87 -46.3943
58 88 11.0298
58 89 1.35962
59 59 -4.32722
59 72 0.0754648
59 73 -4.34926
59 74 -5.0217
59 75 -0.162986
59 76 8.98802
59 77 0.0402182
59 78 -5.57603
59 79 80.037
59 80 42.3499
59 81 1.2964
59 82 17.2095
59 83 -3.14097
59 84 -105.998
59 85 -4.8746
59 86 -4.1273
59 87 -4.97652
59 88 13.3636
59 89 23.8481
60 60 19.4173
60 72 3.13774
60 73 -1.4097
60 74 0.362793
60 75 2.21699
60 76 -2.09878
60 77 1.05253
60 78 -4.55501
60 79 1.32929
60 80 -0.285479
60 81 2.2393
60 82 7.05685
60 83 3.11132
60 84 2.85463
60 85 -4.83635
60 86 -3.22559
60 87 1.68966
60 88 5.17703
60 89 1.49324
61 61 1.94012
61 72 -0.33787
61 73 -1.13993
61 74 3.77823
61 75 4.73305
61 76 -4.24225
61 77 -3.53717
61 78 -5.89752
61 79 -3.9792
61 80 4.40294
61 81 -2.16412
61 82 4.39219
61 83 -2.96876
61 84 -2.76083
61 85 -4.23467
61 86 2.20658
61 87 4.09507
61 88 6.59257
61 89 3.35351
62 62 -8.00904
62 72 5.17603
62 73 2.2229
62 74 -8.96045
62 75 -7.69481
62 76 -49.767
62 77 -2.41102
62 78 -11.9494
62 79 22.1371
62 80 11.1334
62 81 -1.73722
62 82 15.8196
62 83 -5.51175
62 84 -13.769
62 85 -0.737417
62 86 -8.40248
62 87 -14.0553
62 88 8.58542
62 89 4.71405
63 63 9.43579
63 72 -0.00136485
63 73 0.539222
63 74 0.571592
63 75 -0.004161
63 76 -0.00681236
63 77 0.00124288
63 78 -60.6967
63 79 129.603
63 80 -1.45791
63 81 -2.07596
63 82 -1.09294
63 83 -4.26398
63 84 -83.5814
63 85 5.98414
63 86 0.264717
63 87 -115.917
63 88 28.9971
63 89 -1.69646
64 64 -7.74978
64 72 3.12786
64 73 -4.61836
64 74 -5.14926
64 75 -1.53045
64 76 -0.189322
64 77 -0.509128
64 78 -27.9189
64 79 6.89048
64 80 4.92568
64 81 -7.45736
64 82 5.42284
64 83 3.77498
64 84 -6.67192
64 85 2.47508
64 86 -6.43183
64 87 -42.5386
64 88 4.88309
64 89 6.01182
65 65 3.64916
65 72 -0.299829
65 73 -4.46891
65 74 -1.35457
65 75 -1.75005
65 76 2.67278
65 77 4.19692
65 78 1.54793
65 79 0.897708
65 80 -3.32753
65 81 4.83469
65 82 2.43366
65 83 0.91997
65 84 1.15204
65 85 3.93073
65 86 -4.10454
65 87 -0.488053
65 88 -1.06279
65 89 -2.64062
66 66 0.520606
66 72 0.877602
66 73 0.0450641
66 74 -7.00544
66 75 -0.300966
66 76 1.42507
66 77 4.46212
66 78 2.04819
66 79 5.30561
66 80 -1.24699
66 81 -0.0345905
66 82 -3.7243
66 83 4.6504
66 84 3.09168
66 85 1.64284
66 86 -0.415677
66 87 -4.21274
66 88 -4.49658
66 89 -1.63858
67 67 0.246454
67 72 -2.35924
67 73 3.1999
67 74 -0.242445
67 75 3.50761
67 76 -3.45285
67 77 2.82464
67 78 -6.59657
67 79 -0.195756
67 80 1.79463
67 81 0.476398
67 82 -2.43851
67 83 -1.26616
67 84 -5.14952
67 85 -3.24898
67 86 2.3402
67 87 2.99836
67 88 3.14425
67 89 2.20791
68 68 3.19258
68 72 -1.53794
68 73 -2.42502
68 74 -4.23753
68 75 -1.40582
68 76 0.844654
68 77 2.28416
68 78 2.86386
68 79 2.09776
68 80 -1.15583
68 81 1.51356
68 82 2.44331
68 83 -0.71168
68 84 1.69727
68 85 3.98622
68 86 -2.20227
68 87 -1.97875
68 88 -2.28717
68 89 -3.72369
69 69 -3.00464
69 72 -2.10506
69 73 -7.33624
69 74 -10.3106
69 75 -0.352891
69 76 0.00576352
69 77 0.0702811
69 78 -6.22298
69 79 12.3513
69 80 7.33033
69 81 0.096621
69 82 9.72754
69 83 -0.342383
69 84 -5.93381
69 85 1.50086
69 86 -5.98172
69 87 -7.45433
69 88 15.8929
69 89 8.84637
70 70 11.3877
70 72 -0.197914
70 73 -0.773251
70 74 0.728503
70 75 5.41931
70 76 -5.7252
70 77 -0.91907
70 78 2.20174
70 79 4.77568
70 80 3.42011
70 81 -3.27961
70 82 0.948791
70 83 6.47181
70 84 -4.75114
70 85 0.438484
70 86 4.3116
70 87 -0.901399
70 88 -3.49352
70 89 -2.28907
71 71 -9.09112
71 72 -0.00308609
71 73 0.387246
71 74 0.865109
71 75 0.00283623
71 76 -0.00228138
71 77 -0.00429115
71 78 8.50223
71 79 1.48596
71 80 -1.35088
71 81 -1.71111
71 82 5.66073
71 83 -4.67097
71 84 -2.46724
71 85 -1.32045
71 86 -0.913914
71 87 11.2491
71 88 -0.809518
71 89 -0.839784
72 27 2.90566
72 28 -5.58255
72 29 -10.2855
72 30 -2.32455
72 31 11.6964
72 32 0.995377
72 33 -7.21529
72 34 0.790756
72 35 7.3385
72 72 0.646248
73 27 -1.92744
73 28 6.90654
73 29 -13.4394
73 30 0.58421
73 31 0.382123
73 32 -0.708542
73 33 -7.11564
73 34 0.947135
73 35 12.5723
73 73 -0.431327
74 27 -7.70295
74 28 -2.19318
74 29 -3.91875
74 30 -0.54258
74 31 -3.92243
74 32 10.8915
74 33 12.4966
74 34 8.4514
74 35 -7.68661
74 74 -0.823816
75 27 5.25353
75 28 -11.8792
75 29 4.74575
75 30 -6.41014
75 31 -5.82724
75 32 5.80588
75 33 -9.19932
75 34 6.71124
75 35 7.63147
75 75 0.0682254
76 27 -0.241628
76 28 16.5986
76 29 -15.2163
76 30 0.381323
76 31 -0.180408
76 32 -0.77945
76 33 0.80715
76 34 -0.526403
76 35 -0.607647
76 76 -0.14053
77 27 -0.647191
77 28 4.70461
77 29 5.1777
77 30 4.79629
77 31 1.47709
77 32 -8.123
77 33 -6.3135
77 34 -10.6322
77 35 10.1093
77 77 -0.588918
78 27 6.00223
78 28 5.12632
78 29 2.19102
78 30 -4.73606
78 31 -0.215656
78 32 -1.04955
78 33 8.84212
78 34 -14.627
78 35 -8.5412
78 78 -1.67
79 27 7.31927
79 28 6.40093
79 29 7.43146
79 30 -8.86212
79 31 8.15136
79 32 -1.27457
79 33 -8.68957
79 34 -6.1426
79 35 -9.09505
79 79 -1.07208
80 27 8.22268
80 28 6.10662
80 29 7.37605
80 30 -3.75796
80 31 -8.61328
80 32 7.08411
80 33 8.49494
80 34 -12.7747
80 35 -8.50869
80 80 -0.30911
81 27 -6.69947
81 28 5.47488
81 29 -12.4496
81 30 5.57353
81 31 1.23083
81 32 -8.64325
81 33 8.90668
81 34 8.92697
81 35 6.85159
81 81 0.907601
82 27 -4.47993
82 28 6.2479
82 29 9.78177
82 30 6.52348
82 31 -5.59534
82 32 -6.21713
82 33 -9.35337
82 34 8.53876
82 35 -7.55243
82 82 -0.211049
83 27 2.46164
83 28 -6.13902
83 29 -5.37597
83 30 -11.5675
83 31 8.23619
83 32 -1.39509
83 33 1.01167
83 34 9.7793
83 35 1.52488
83 83 -0.432151
84 27 -0.695271
84 28 2.87923
84 29 3.95767
84 30 -1.04593
84 31 0.0481424
84 32 -14.406
84 33 14.9146
84 34 -1.63668
84 35 -4.50542
84 84 -1.09968
85 27 7.4753
85 28 -9.18536
85 29 -12.2029
85 30 8.29244
85 31 5.40459
85 32 -5.73823
85 33 5.38096
85 34 -6.1784
85 35 2.98863
85 85 0.217863
86 27 -1.53091
86 28 2.45581
86 29 -2.46424
86 30 6.21019
86 31 -1.021
86 32 15.3731
86 33 -8.99824
86 34 -6.69721
86 35 -6.90591
86 86 0.567166
87 27 -7.24597
87 28 -4.4905
87 29 0.165186
87 30 23.6011
87 31 -1.49654
87 32 3.73733
87 33 -9.84263
87 34 -5.60495
87 35 9.33324
87 87 0.935737
88 27 -10.9383
88 28 3.85267
88 29 6.50686
88 30 7.92806
88 31 -9.2285
88 32 5.30876
88 33 8.31703
88 34 0.780407
88 35 -8.696
88 88 0.954497
89 27 -9.52455
89 28 -3.39776
89 29 -9.34927
89 30 -0.403073
89 31 3.24176
89 32 11.2907
89 33 2.61791
89 34 1.9219
89 35 4.52545
89 89 1.55652
