36 37 38 39 40
0 36
0 37
0 38
0 39
0 40
1 36
1 37
1 38
1 39
1 40
2 36
2 37
2 38
2 39
2 40
3 36
3 37
3 38
3 39
3 40
4 36
4 37
4 38
4 39
4 40
5 36
5 37
5 38
5 39
5 40
6 36
6 37
6 38
6 39
6 40
7 36
7 37
7 38
7 39
7 40
8 36
8 37
8 38
8 39
8 40
9 36
9 37
9 38
9 39
9 40
10 36
10 37
10 38
10 39
10 40
11 36
11 37
11 38
11 39
11 40
12 36
12 37
12 38
12 39
12 40
13 36
13 37
13 38
13 39
13 40
14 36
14 37
14 38
14 39
14 40
15 36
15 37
15 38
15 39
15 40
16 36
16 37
16 38
16 39
16 40
17 36
17 37
17 38
17 39
17 40
18 36
18 37
18 38
18 39
18 40
19 36
19 37
19 38
19 39
19 40
20 36
20 37
20 38
20 39
20 40
21 36
21 37
21 38
21 39
21 40
22 36
22 37
22 38
22 39
22 40
23 36
23 37
23 38
23 39
23 40
24 36
24 37
24 38
24 39
24 40
25 36
25 37
25 38
25 39
25 40
26 36
26 37
26 38
26 39
26 40
36 27
36 28
36 29
36 30
36 31
36 32
36 33
36 34
36 35
37 27
37 28
37 29
37 30
37 31
37 32
37 33
37 34
37 35
38 27
38 28
38 29
38 30
38 31
38 32
38 33
38 34
38 35
39 27
39 28
39 29
39 30
39 31
39 32
39 33
39 34
39 35
40 27
40 28
40 29
40 30
40 31
40 32
40 33
40 34
40 35
36 36
37 37
38 38
39 39
40 40

